389.50087798447 503.915022694719
394.754101290459 510.126454663928
400.798582253149 501.376256039439
407.018180734531 489.556301033517
409.091286043006 485.254779095874
409.313610322976 488.164349561205
411.85275085331 500.221909698067
412.354473347246 502.178109004449
409.583109528871 504.68669460037
409.763180810641 510.077174631706
410.055420813506 510.018245859343
400.399878475951 520.816964938382
392.628825427553 492.500357247596
377.425446436176 432.917922195288
368.01109543813 407.987428234504
333.681752138736 321.836446669017
330.176210232714 313.876975078548
329.417234979319 312.699365925033
323.624292198323 312.154324422655
322.668888185349 307.308326363022
323.409939432194 307.243591724493
341.614515673458 308.237322233655
342.28880047128 308.227933928911
339.986661076798 308.33707577449
328.995472780652 304.972903597634
327.887927449068 303.717956054896
331.065938575804 300.412795660316
331.557151744789 298.910213326571
333.72370047283 302.598664522798
333.336494922181 301.075687786259
332.608423761304 280.541496817902
337.489612151723 271.326206483768
339.114363358632 267.779038828901
342.752916183389 261.474682475817
344.686018923273 256.22784906698
342.81622307382 251.970270201462
340.902286480946 249.094148296997
342.528042601393 250.483254057659
345.615384850958 251.645351095641
345.066834724523 250.738150195707
337.535292839138 242.336211148177
327.953271266914 238.446152149497
209.043166546453 524.773319763407
209.425907185346 558.840777942716
219.161551060504 630.246026805198
221.690637420953 675.884070801622
223.028933267654 705.334403962013
242.55064233742 768.488072983943
249.919135112326 792.984324751424
242.055679209846 805.649542536098
247.534083878364 806.455567522932
247.146663763586 802.758353461502
248.363051838665 800.900692356968
246.070478045424 796.584303672
246.381308889822 797.44938302864
246.301588694297 797.479985903091
243.098457568047 798.607565508441
240.654218857904 797.838125319945
237.473681453298 797.150389812213
233.933844553365 796.74553845723
232.279148757861 796.345788449345
231.45584846569 797.217878842541
230.87561456054 796.087878813576
230.79640749994 796.495726599822
230.566563452347 798.579931239436
230.926892298656 800.139741961942
228.46522040073 800.417224300238
219.758851343163 801.585295208534
210.223990284079 799.039564415986
210.953680491885 800.870762054392
207.583628505966 800.492951668161
206.984762234046 802.74678269508
209.811728799027 803.203959493087
206.616841828423 803.3179087596
207.49224677853 803.017434304647
214.740482979452 803.557663482119
229.884043897087 804.722007201629
224.331299039073 806.3682118675
217.957358682504 805.210025998703
223.986252979989 795.446986618492
223.692011908857 796.079640023464
225.512761706759 796.749399433262
249.935215413997 794.251725291583
252.932209431784 799.44327805051
262.77109367619 788.399156479994
279.116805044836 755.748604359043
282.419484529002 749.150741643179
293.30469646593 728.94856634629
299.684678857942 715.591194895116
300.930046874774 721.039911427312
296.885722789814 723.41922483872
315.980168375211 727.533406153884
315.440154598437 727.774275708361
320.228122419959 726.839214822922
321.31570167006 726.254457723132
330.673870720144 719.676646147606
322.606943007904 722.548659511403
256.744181705479 752.377189845722
254.465054236971 753.402448758311
249.964283508498 753.364786385608
249.987899680015 753.113409492392
242.348947110815 753.30403607523
240.465500962197 749.356025440274
250.459457873106 743.616276751604
260.927498742247 739.474353119085
263.369144950321 736.909554808228
259.330452223645 739.058584743875
255.970361122692 742.051467329308
246.755108595091 748.733831822589
255.18375515015 735.963121390976
342.283550817572 664.548057220756
346.693329083786 651.609180938329
362.768559894873 624.960794119224
404.064421520689 575.53019752878
423.159796612149 549.319309472334
420.178842099118 557.131729293475
434.947573368442 523.334420112745
434.486453737395 512.619539857753
433.442155775522 512.426878603395
431.564644792982 516.919131972823
431.457974837562 517.894937970481
433.437861923802 518.719821102087
435.993372489417 521.034870398987
436.093857056523 522.765949821325
437.50268998462 523.607225034428
437.842666533755 529.196360457133
436.508564478798 533.740180554468
432.573398771406 545.031691253118
435.977068201613 530.993985168016
436.982897989265 530.492187162385
438.919871337022 534.674039542692
439.96818603578 538.292676216454
439.311458666039 534.242604349015
436.032739609455 527.305400269322
434.637934246176 523.539142297512
435.057990699033 523.595263254592
435.365463857257 527.468536261665
434.391774628467 535.632597566752
430.873502265813 539.013444340303
421.4951942512 533.472903427626
421.475925059694 532.715421987356
415.564703310794 530.748259106885
454.990915162068 591.398319420317
463.708121611751 611.37324465398
475.915305494807 630.568661274802
477.090158569517 653.239192239629
477.483767071183 668.821093255203
486.765088635224 718.053297096231
487.419156630857 723.749557572239
481.078053981195 721.642396055036
481.447473433375 721.409418182239
480.083753223794 723.260329081034
481.821204609238 720.055908274693
480.258884184325 720.392340293827
479.207282954403 719.589172623045
473.895006718187 721.732493728227
473.701577410671 721.806597376134
473.980726894139 721.395895242924
474.642474479728 705.709446475254
480.571099060059 703.960369337799
468.49414631036 705.865675536056
453.546421087506 706.130654856878
448.658780979751 706.451858250001
415.522010959093 707.762780709485
398.227125064737 706.612933979745
395.485736556426 703.460184316906
391.517304577595 701.658747315372
390.182423343264 702.060282559866
390.799476950989 702.151771776853
389.730315243122 702.969226575984
389.313631319308 703.847568620644
387.590753421318 705.972707689757
387.647315452 708.805520121805
389.971681078325 705.741380956586
393.127585291468 704.35375371334
395.208847740332 703.269396520164
396.360215080328 702.209095362954
396.497415290503 702.504632914978
396.591044531115 703.326167119021
396.724716181422 705.328676252897
394.933182196825 711.891680821524
394.66426832965 711.233395386276
392.106026563278 712.20760164816
388.912714726186 712.317211525812
392.758620005252 713.774017675115
388.692297044263 710.320447841961
390.234454931336 707.764641969149
391.654293159725 711.244864595564
387.511825421136 716.429762773134
391.107429089724 716.888921710537
391.210861651075 716.909821480533
395.125875203081 715.661771602462
401.541573097475 718.904010171345
401.012216571785 719.383393809914
403.396178039955 720.087248466524
400.151344229894 712.719895635046
399.661252138144 712.660778494217
396.861188772301 714.874244338957
393.389871338876 715.405537707027
393.438115107569 714.729923645436
393.590555670898 716.149767590434
394.475473572359 715.093304004246
397.563230116946 714.035049617215
407.644823054171 712.574081946358
414.173432501474 712.091910273374
424.897730034509 695.954149747299
427.410401157287 691.755742991933
468.102088942146 620.923756405226
498.7159525578 574.426301379928
508.957413715691 558.815249352179
498.022146045059 572.736610959012
498.422369682311 572.027531539619
511.46923295403 555.36216718244
511.335532923942 540.510690223358
500.927614214481 535.707285881122
500.935419603345 535.795078501998
497.829793678397 536.483569566333
505.298147016699 536.019719399849
513.824073429328 540.569583102606
517.92138025371 543.034749434188
516.289805871998 545.519530185803
516.743382340374 545.163904796642
515.955291937678 557.03806360888
516.497277635349 557.358271648854
515.880808563456 564.117885231837
517.101507150605 563.589930317431
519.695571116169 566.891060308012
518.748990825517 572.307018159269
518.924935930047 590.102215799863
519.022722275045 585.349137871174
518.667718292165 564.238061367637
518.990006196921 561.065340374151
528.013528418451 559.315060031685
528.6200178554 557.220907184962
525.107744114014 551.204779280832
524.233245187819 556.908887033685
523.634456100147 557.85248595496
523.533157199137 554.146566875976
523.426938704467 565.093382659987
525.625131702148 575.262327483272
526.439950957399 572.549834996008
527.227082021737 568.4210501369
522.713527932992 562.276113574711
523.082501661271 565.246739471921
521.813825464106 568.756197589053
520.740608976222 567.207165548162
523.598310432744 572.898008044843
525.290905524558 568.290607598099
521.643972116675 562.698521478491
521.44534994744 563.116191405517
525.177370046294 561.591765510702
525.861379412641 561.698972186561
536.2487236948 565.205433838284
542.590974675278 568.354211832815
536.999258446035 573.438302817709
543.073145552389 571.238348584007
526.715311662843 577.940395244689
450.241675922623 580.171868536388
445.191041808687 581.0299696812
444.748403378557 581.470553680216
436.195710759114 585.112666644746
427.599407229836 592.41358404662
425.643900605846 598.684319982421
436.333186915417 593.949644626979
428.574790147689 601.990259872322
428.565376889228 602.736594662082
431.868815556974 602.23727830241
437.252284778581 594.907301225949
440.652826735241 591.573451042413
438.214565304997 596.083004429519
436.456971400749 593.943809931345
436.449122453621 593.513895261869
438.166848524285 590.661673434595
436.266079323041 591.773875438729
443.304606374728 589.228060054987
442.907282598615 588.982582820114
442.850382409808 588.727482286713
441.883146221612 588.992805226031
432.360708419782 590.842028796692
432.075011450609 590.990460598492
432.805036813423 591.725219065344
431.964833562843 591.052910105754
430.956467076861 589.115465913971
421.877359087094 574.97032643955
424.88904391291 572.964411347914
426.170153358363 575.595077378087
428.37475802321 578.76034010791
430.247864605123 575.876731473309
431.844115015716 576.006451949901
432.463570690505 580.602144763954
432.390550873717 583.475355975035
433.607862794718 583.585130757194
438.989120624708 578.215140887403
438.898085605517 581.940773213463
438.019139272393 583.052167292128
438.919088830287 581.930356844374
434.627322848098 597.595912968667
432.091693243963 595.469795503137
415.768288945964 584.691073459523
417.044981158437 584.691450898782
430.922393864619 588.651294757817
429.430880131143 585.048098968645
425.842356763704 579.84218104282
425.685256297106 581.482622650206
434.408231003372 590.807331603071
432.176083736458 585.4415332843
425.704386219255 610.944849655635
424.540981710322 619.934951095506
426.328172321425 631.132709571474
426.373646585281 641.214271244593
429.848142983616 685.043492214111
429.939072973716 688.026188456035
419.960401751474 701.017688031993
418.359788586993 709.613283891115
425.659118804346 702.392026558457
425.038615799994 704.687336411997
424.315447663425 702.797544500784
421.37338312246 694.340238263148
422.212224260301 695.853771208021
413.016259801283 701.929983372439
402.214987436487 703.203974618005
398.5754233308 702.40880071616
410.544911639146 699.128150321911
411.115843101363 701.976681844272
418.394205477905 702.050821794608
420.647330327571 702.657398403726
425.188238103544 709.663487211805
422.806082399109 710.78325616281
425.173398750481 711.493347063718
427.23575933367 711.384361089035
439.41917528013 701.908794020914
442.256943693481 698.002353701171
437.890048371026 697.418754939566
436.456424126106 697.525227566961
438.021223243078 697.188368642756
429.57889458748 697.968371837586
419.372419810481 696.850202469772
418.255800968782 696.510885678271
416.745008199127 698.735359284459
417.033849680794 695.883220426971
418.52483002219 693.888759115314
420.654062958223 691.929542497526
420.882080371958 688.497363865599
419.148268355424 689.660843366578
420.865947115985 687.635011999146
419.34381289449 685.578274712652
415.179693829337 685.669830221927
416.995079077725 681.783085340153
418.220484385564 680.920421060018
422.644713683652 677.39424632152
386.854162881541 671.048552126328
386.854162881541 671.048552126328
398.736340776213 697.167119828247
401.015966252282 702.178032209757
403.148424211085 696.22196899156
403.978810054959 672.660800832965
429.105747588299 659.424852034758
429.942031937338 659.377576457823
426.098595608024 658.750364353365
426.809294156669 656.775791267368
424.274472143176 657.78741190052
418.220278324251 673.661678925804
419.540703814624 674.290275290122
432.416542532249 675.508112411922
420.285287929382 678.534551907406
415.284211276927 675.028851396387
422.683028832 668.814941845161
424.575515293293 666.850989244419
422.904989202325 661.221277292679
427.407808095093 654.93480266936
420.712565524656 657.175489920575
419.054552718596 658.976794065584
419.313101223698 657.74092187708
415.450680411781 663.366933042482
411.170418095726 674.050848618293
417.967920248665 684.434929513879
448.605056129242 699.840172411064
449.898700272198 700.511963576111
454.441034780411 693.129372337152
455.292054512471 693.153476001305
450.442614650014 692.448619421915
449.34398939236 690.892251630687
448.477573441501 690.075950259865
444.162274466316 692.989675112603
443.697299486069 691.333762726538
445.23324399488 692.047794558449
456.965730226865 710.854829235947
458.530252009135 711.134666164684
461.011840037449 708.404934452981
455.408593838597 708.100389843018
454.305604842026 707.280899759591
454.924748262633 706.671366325033
454.529276273168 705.450587182332
453.646493703519 704.646970734061
458.712144444709 701.019329453218
460.960187924039 698.682035346107
456.929482410034 699.26887105796
450.38794921896 693.347518448492
451.596015137672 695.583205044124
452.021709991993 698.352904997287
449.738261764536 704.142385083339
449.432356838112 704.818869965668
448.549156636668 705.536796076437
447.539686114371 707.481345333267
446.376945951444 707.864579613063
446.215369309899 708.677021210156
446.642531539268 708.353868558842
448.112792833575 707.524698187171
451.338550454711 703.252933006437
715.459427647024 792.615860779175
826.878977204618 828.877498961626
839.109761152712 832.156367813466
855.58519738068 837.537903398656
870.955410616091 842.618708727087
876.090696909188 841.84141483957
872.817702750665 838.896773777258
889.302071934709 845.698579230839
889.131834575446 844.24441082578
890.451971817057 844.477324611761
893.379475078184 843.546750678677
898.089017787243 842.012791041304
896.955780329814 844.183704398839
900.287967817279 843.116013895407
892.591965432313 837.280103237021
895.437022905189 837.810652787129
896.79249373768 837.536958501289
906.460510379705 837.579747376092
850.011260631844 807.575200006451
723.952263017508 729.955126851676
694.481430940333 711.286254798769
630.551377491828 680.914378552047
615.825813463854 673.808645348974
601.813862189749 661.893274114589
601.469644945721 660.015719993149
600.646533306881 666.38444103344
600.48861728524 667.606296055484
600.170329728186 670.069005323369
588.329264299537 663.773378606584
428.905727628114 616.548724619443
415.011630205993 612.688971931919
412.165785205356 623.363476832878
411.167008116942 623.315613863115
405.306330255169 626.070080248349
405.453036596369 625.615344106982
407.494576997617 626.49654837448
409.362869652579 627.069168092315
408.465553125156 627.141593374417
406.237079027845 624.691256670914
402.86406947167 618.191992463332
403.066980788968 618.212226717678
404.409517306369 616.435881816309
402.990188861999 622.303804312142
403.913726662993 622.877651210168
403.843752504823 623.494440942676
404.915811209345 624.564411603896
405.013605971315 624.82329355446
404.864567588166 623.070719297381
445.047080811662 608.810208612005
516.532909950301 587.06133646706
525.765403726391 584.163425920238
535.208901845449 577.090083986455
537.89264057037 575.687198942938
532.962142207728 579.59495795447
532.929325534224 579.628945516783
531.498546646883 579.795920114814
530.457788246296 579.98670087362
528.952181473445 581.185146776703
525.386699501589 584.717528924157
530.015950930219 575.193400618301
531.088749039087 574.240343122433
533.572131847566 572.293449731191
532.663536364835 572.840865783482
534.049409892068 581.117808243883
534.765300624103 582.911013442399
536.672678953947 592.559695820888
543.45258293887 593.768378923405
552.241398565198 590.082688091275
553.987457195952 588.55309635556
555.490305748691 584.719010141671
530.19248721138 574.636970523277
536.543018252149 575.017388833528
540.138663238823 568.818325923122
538.903637921507 575.254092151417
535.578419963155 578.858577898663
536.710147527365 578.415708527368
541.066088478105 577.813033659159
541.919911664765 579.835911779926
541.70017350258 581.10918779405
540.334159026295 590.55797665605
534.718035428441 587.762983797578
539.463333404039 581.466435974414
548.739969111171 579.769576222422
550.921604652936 579.938602824231
548.377135471069 584.240736553125
552.517421194706 585.308400280563
551.293010772126 588.609900946657
550.801342266044 588.814597216887
547.421198434169 590.38848820663
540.417564526826 581.973736044875
539.480589384808 586.271508940458
537.521234507009 588.473598068289
537.15220862291 588.624717412954
534.3401544188 594.694347591089
531.701695297518 600.014094597911
533.070160347041 600.597586491064
535.420647060335 600.807273672181
534.866668730468 600.434339587548
534.260945379307 598.769058978439
536.169258702385 596.515554074993
554.318886612618 577.419157286445
552.886973079813 575.651707453166
539.620391196853 582.09080010175
541.128313657294 579.629350224022
542.709994130869 579.057584871983
541.870843353107 578.265453992297
537.889043740967 581.710260904648
535.00864384546 597.922243257184
535.296519213032 600.167597376118
536.763438904631 608.036056190835
536.418856371577 608.659594373825
536.022155257231 606.629876982005
535.928354989021 605.585230718576
535.981742521456 605.047155303029
539.069708526108 602.19631089041
537.756604813178 595.362313154231
538.150863654043 594.505101793565
552.742692889424 580.042258907592
558.767115254517 572.35333587806
560.338610291035 569.132483866753
557.693158303089 569.131543163566
554.453557848135 569.03583605311
548.806089096531 566.674361319923
543.312336923197 565.833448209957
534.989539712375 563.09945894684
535.390725583643 561.99433528861
535.847933390504 563.744872232184
535.286292749898 583.51959595045
535.777923353356 587.078960892494
537.275388104173 584.75178193545
539.076797632678 586.473827722111
538.583946147741 589.727800955777
539.431786733852 586.143692730898
538.836719757507 574.081568114945
538.739983535717 579.679035790443
546.651293674942 582.286330755391
547.083762274348 578.493900400343
548.486521760074 578.290572212959
548.052502971011 575.912593263704
539.134581918598 582.813714758686
538.708440976037 579.687152455865
538.308525458726 577.990667911347
551.029122219941 577.619798297906
540.942087170247 568.147706591148
536.083599378646 571.103159213942
515.848447872424 583.453973984966
510.366227190083 590.142154041218
479.781601922033 609.031362191397
471.617503517721 612.484434438845
472.459861507302 612.701549304262
472.074403243269 612.266367027133
469.709885340428 612.390466875995
459.523926351508 611.41477569761
447.11861606908 609.578101519341
436.964719235248 612.077197429918
432.861243304024 616.645940579594
436.971549470675 615.874571651331
434.398329212446 629.039572192558
432.640674932138 637.162286111264
432.304831429672 638.338547410829
431.973497011971 630.616026266222
425.132636035077 630.898993493427
420.851469496739 633.937569344042
421.116230258478 636.566998816896
420.818865439674 633.593062729316
426.6874978623 630.081054015499
425.447886922055 635.106607917282
423.145881559034 632.616505090427
420.283124797139 634.818879646504
419.922157852963 632.498095245424
339.862831933638 669.769723629856
322.150342848844 678.456991125733
300.68187737676 692.199180522626
307.754956474641 715.149157253579
307.101010370253 716.677899915144
295.452633174605 712.262178597026
294.871020619793 712.20312431902
294.565636157668 712.528203302774
284.778224937809 720.174021815995
296.600953041066 714.339702656136
288.374796132915 713.647791446755
278.947062373746 720.413079508794
279.222840297267 719.742778035361
290.885817014593 707.512376685156
292.897562922334 705.496260655687
290.633222157976 708.010147329119
290.223607710441 708.44522713235
290.551760873047 708.406711313649
288.877766304158 709.315108201045
287.333437750659 709.696309358405
286.833471136572 710.470830319368
278.477182070136 713.451069280475
277.458947125994 713.784920676382
278.965209873646 712.771187960411
280.38032349696 711.623254181342
279.766592507259 713.6110811337
298.576963789693 716.449970689889
324.234209748583 722.406406650823
404.937107357779 764.750990945141
498.13816202761 815.215342579959
510.67379608145 821.874865056991
502.349698121277 827.994773829516
504.558025393478 828.321199152271
509.903630145056 825.869258652966
515.882083843126 832.339107259921
517.283362912333 827.660385327787
517.505054096162 827.094405747469
518.839908651368 830.36345592668
522.15425228546 830.959921503556
520.360367184712 827.495495597085
519.565501245017 824.502197316374
519.782011590414 825.343905778415
523.893490353686 821.84462984149
519.413290604946 822.129537339274
518.352261866518 824.59392737298
518.127138054511 831.33453906514
518.181754574983 832.264232414037
516.171204995883 832.825292787256
543.842466026936 804.720438127729
595.180183929925 725.198263296552
598.986878976495 719.196159143178
604.648170887141 715.278536703768
607.237282576178 713.033458382419
610.162691009168 717.007656293419
608.085660263567 715.995672933363
608.229099009228 716.007376923601
609.308442832654 716.315201951895
614.440220258412 719.610761705876
620.070993489586 723.347393338128
623.206520014944 731.049577891074
623.540289380082 731.357534817153
626.427762818598 730.355090511968
695.165838070585 697.148579056205
879.717295447061 638.611639399266
879.717295447061 638.611639399266
881.587171870715 631.009104775175
881.945912328083 629.550539538616
876.573643355717 628.129256121317
876.40727137744 628.303077116998
875.080353945996 628.718904766734
867.444136564736 641.14879574674
866.4539836537 646.822009340792
869.764736536002 651.212471417164
869.164954606147 652.63270455273
868.303915108074 652.959424342268
866.686824056524 652.275720618149
863.112783510151 653.99888273926
865.92887365828 654.447561680541
856.442155119969 645.936019687887
851.428607913137 634.574327746632
851.202750413741 633.940297524555
848.844508735163 631.695891315672
840.183588510763 634.546570448535
822.498177836072 643.76278827846
779.533489147216 639.156766850004
655.418151625701 629.393669028425
647.345613770943 629.104091629008
605.706211702853 624.273034794592
600.977848201649 623.304237464951
607.357734385416 614.190954190867
598.083017949654 615.551658748197
597.507246695426 614.649904150408
596.260050958009 612.367810747215
596.206209525483 610.36869887881
597.970789865062 606.316275307848
596.963674891905 608.157598986705
596.776230988307 609.81676798762
607.258661641388 612.500309049347
608.389010388512 612.926164658853
603.932796795635 614.641348330573
601.934408514723 616.28040331437
600.181389467206 616.296577757873
599.826502351453 610.956006523768
601.986697194706 613.299167911051
602.446614097804 613.375494224402
602.686628933551 613.3706311959
603.513216651221 612.996591748724
597.351396418129 622.805214551606
597.434912478452 626.065790067663
602.229936025927 631.107744575216
611.229136490829 622.562307674126
612.935349588542 616.63103190072
610.541179939788 617.925873216727
599.692019146759 604.258904916879
587.847111328158 606.102770988321
477.410040712869 642.011246872334
461.843084893662 648.64734526526
461.988772555814 648.754056740035
466.500694911505 643.932503215673
424.913528797238 666.138902865439
411.648346656977 658.296898704483
405.919123758891 654.845973961774
402.688033962762 653.682536601156
402.220551141169 654.59917291436
399.888780830911 653.345492905134
401.600238465011 655.061318576552
399.834510444128 652.076602182436
419.175913454009 632.42512613464
420.635618766435 631.501435623532
420.639791910794 631.487210804707
412.977778079402 635.269907225382
411.433331448608 640.560676106685
416.490231693877 639.492282284913
414.274335724695 644.361910456704
415.192749292262 644.331851671615
415.33606522215 646.142837942804
414.184694990064 648.23932898572
414.882630056014 647.959688332667
415.646320421514 646.522165000258
416.042952898328 646.21990112386
422.558170477259 652.018410490562
432.858064592184 653.973283435429
439.449748934457 651.782207838933
446.692877907074 650.968894689963
438.214501946248 655.806955873563
412.45832523822 668.606850844058
410.956144440856 668.654326498828
408.670553823634 668.566339002433
408.077172724025 668.509276211982
408.686837522028 665.711574810957
409.722563775778 666.640324026437
409.37984883992 665.984867046546
408.685905119325 665.441431506715
410.01768600109 712.767591535264
410.01768600109 712.767591535264
408.295484672768 686.629581034174
405.880640650108 678.361041923977
397.435404779817 665.87850411518
398.530282451059 664.156076103849
401.381853826085 661.938319854009
401.705620356919 661.029846102807
404.691393428356 659.985365499559
405.071154082113 660.203103807121
406.272872681915 662.202945676146
409.616999102948 661.689975370572
411.674443333716 672.187677514649
411.664792565323 672.477544972718
408.159176982434 667.440244620793
407.892906262426 666.783587791165
404.78594956095 662.656164906977
402.929929861359 661.005941661211
402.385156993099 661.985845556549
403.081899328469 666.448769156949
401.497894314547 668.649917642548
396.957094063918 670.996686551927
395.967440790273 672.295676662826
395.854037906324 672.520236180791
395.227738283288 672.247691090237
390.084233213714 668.023179161193
388.042076130537 667.329382759617
397.843445920177 663.077348628695
410.054456583487 666.286206403553
410.87798728868 666.370412527153
417.207996668237 666.708353627987
416.514876342716 666.612549594643
393.212157750422 664.640980295956
392.724045175319 664.855014529578
392.655013020425 664.695576647008
393.931643006864 664.319450209117
393.911374668274 663.694439832423
394.30968646998 661.105379788062
392.697989532221 672.101851402789
392.228338132868 672.608221356423
392.975519680036 667.549272110068
392.763621697206 667.515140774183
394.790685304193 664.797516226956
403.480808371619 661.61402149625
408.529147670583 665.00096496448
409.466627669442 665.974636998473
408.800720451608 669.461410672914
409.973037577761 668.157650498667
408.458530543718 668.377396464234
408.09472316363 668.969772391753
406.1629195191 667.180466311979
379.392041818287 671.55724106338
380.191512315276 671.102265471597
387.369752987409 670.046770724774
393.880128026468 669.57062936798
395.463178256412 669.462617150778
393.570795431049 665.09018163428
394.985212440897 664.349639558493
394.592596395888 666.130356106621
394.688277965038 664.684863021593
395.030828546274 662.513997653375
399.629514676062 658.379172441928
400.380511683734 657.045423118227
401.261087457333 653.104391864535
403.537532140249 651.264520677024
403.314710073196 652.126139705069
405.517876413266 660.562160345729
405.424546125178 660.919762765779
402.318284347612 665.117383907159
400.651674174873 666.905506958556
397.295869506771 667.011855810437
354.027480317216 678.110014290078
284.916134749704 693.064269237517
275.175252929538 695.13314130297
256.29518730177 701.61007465628
252.970058779474 702.051663770697
252.859758984555 706.148240856097
252.699856759477 708.603728276703
250.057914725308 708.041470071703
249.390227181407 707.993246175455
247.701343220686 708.88134490942
