166.245771447454 -41.4428188772709
174.503379973984 -28.2818884472051
180.401116778956 -20.8068369491715
185.532923922898 -8.81243125354497
201.023343685616 16.3301080194394
207.965988593971 26.8828358414587
219.122958659042 39.0182179879059
221.158478184137 41.053856800421
219.058255292369 53.8267698218787
222.482102938787 51.2522017644228
228.749647413515 67.5328576575721
226.268239095628 69.0436681842384
335.754427759884 260.038368219077
372.527134375584 322.988542705585
414.128966942974 390.614549980235
457.441319656039 436.25852134306
476.240983866432 459.37614649524
467.9816596344 463.450881234464
466.273967976577 464.887211866348
467.784879103848 478.28879014821
468.225453815885 481.798618403577
465.282369880988 482.736961577294
467.060553313478 483.66559618846
489.768774191403 494.453144726884
594.434948799985 537.19131274573
811.899420121087 623.949064174016
870.922942901614 645.631434044748
915.06579928166 661.680722354135
944.378224477879 672.93860253814
1071.88894965274 718.991312766209
1215.82324757008 770.97994187895
1216.03405413659 771.452808473903
1217.06524737798 772.097684938978
1214.05956577538 773.001208117717
1212.98753707371 773.790976420917
1215.13631073759 768.735243805893
1150.63880208891 685.901650071516
1131.34491150142 654.303430545053
1087.79879519416 584.011418816763
1076.11738567854 564.043999404935
1059.31485992257 540.040339586779
1061.22693098156 543.753631822616
1049.33003066487 519.760658327992
1051.11812834857 517.305282541013
1050.46072220384 516.308286115737
1049.7449118455 516.790946749719
1052.79888796848 517.931773394937
1053.74768680865 517.049901386359
1054.47690967849 514.381390135713
1051.78252739005 515.029668400519
1054.11880269088 513.824346843334
1054.9906294623 514.467016786069
1057.18068994391 514.268981401841
1056.32512166635 514.975611272306
1056.26581381286 516.379599668006
1058.78781714394 516.329906712026
1061.63382679339 514.878064142905
1059.47354461378 511.438436036094
1061.62438793883 512.410789777083
1060.66913238389 517.087125366975
1055.99730755657 518.030200894472
1053.9157308622 518.112244553642
1053.54533375319 519.943533470789
1053.58737020475 519.278481757976
1126.64944252391 451.046406318694
1139.73313465059 422.582084274697
1143.05684998769 418.113040700637
1144.06897359181 421.732669997717
1145.58197773394 418.683833947441
1146.05000760494 417.090735405875
1145.73618693969 418.293263080896
1145.21503080233 419.268943605487
1145.64039904017 416.765450323616
1148.16785005308 401.594226310572
1147.09557385804 391.233733761762
1149.94343594967 397.027901423859
1149.46451560558 395.336534467128
1149.95491344947 393.682541507197
1123.75558702308 372.710852803779
1089.07381808432 350.801971815329
1090.5654399259 354.592298515184
1051.16352293553 319.498358045567
1041.92828966255 305.304693940668
1016.87298095219 278.018764514498
1012.47294884871 272.325041637758
1011.58898260788 270.138278326551
1011.66228342499 264.909564234803
1010.35366132993 265.641321817057
1009.25480816427 268.419686444561
1007.47116371181 275.783457067624
1005.97981734829 278.414799492669
1009.77004521334 293.36988288574
1009.49952897493 293.947216225757
1008.49125521868 298.868845962417
1008.83008579037 296.806447247782
1009.75752205529 288.904481762135
1013.29371373856 267.242779333107
1013.07905003257 267.958440998648
1013.60161856284 269.080479695557
1010.73479614246 273.999106702552
1011.69926459552 272.850218716396
1016.05799813322 269.368559626729
1016.43835051622 272.471760180303
1010.37654789762 286.130065992908
1008.12751536832 287.542759007305
1006.45312664927 284.215438725046
1006.16519406903 283.662996848847
1003.54740275312 282.945218711152
1002.83476101566 284.280383409359
1003.08662585692 282.896768645806
1005.71741347505 284.952978954495
1004.16523342498 284.468788630189
1002.71681122787 290.719818272516
1006.39060348269 264.533514841314
1006.00329663405 265.319860597974
1006.71530626157 267.590189992595
1008.01155839048 267.738008832804
1009.03621222404 267.509345989286
1008.44497743657 272.615324925807
1008.99865094508 272.079006632974
1079.76141068238 288.231821232701
1084.59265152691 284.209371710288
1089.63258880099 292.260604271683
1093.39600631793 314.677352822292
1095.76369549473 313.242012696674
1097.63213604905 307.512873417901
1101.65411781202 318.49532617989
1101.49254981914 339.290632149097
1097.81588722812 352.48436405574
1099.44937699054 344.519362848437
1096.63598919588 353.516023827686
1096.20002029154 343.167872935549
1095.09222463526 333.819908438977
1093.96259091766 340.138441445649
1093.18962834588 346.998418541013
1095.91584302107 351.091259044202
1099.136376562 365.430266210865
1098.47882548895 370.33837015939
1094.61593532691 372.009420456866
1098.18567179854 366.980509528275
1099.02652852304 366.363773604668
1097.97886913651 366.664064154658
1096.47251830289 364.413071629845
1098.72885857839 355.323822408774
1098.00906863326 355.70235305557
1099.38420411868 359.254595808394
1099.51789719486 359.379679740121
1098.85949278199 360.893263853633
1100.0027152412 361.788705127572
1097.4055954675 342.415639899568
1098.64583078608 343.654232199823
1097.70651158415 348.838694843361
1097.25428124304 349.764711162424
1096.37751123728 352.67558069066
1092.31620464022 356.398545740841
1092.84399041588 358.912083051365
1093.47071481197 353.379313715879
1096.43110419156 342.452530518641
1099.79272921515 343.201135022157
1100.29206009034 343.526439400944
1100.06796044017 342.671786482537
1100.7268887572 340.935876920002
1097.333837992 336.602663708351
1095.00452020058 334.389037233321
1094.54673654173 333.352588467836
1097.17799772362 329.255471294701
1097.76603016766 329.375279605208
1100.35622754895 341.992335763691
1103.00819084638 342.502136371717
1103.64903573574 338.892420467157
1102.07473585927 346.014972972802
1100.91552180762 346.105330567832
1103.19175700635 336.335802116714
1099.6095288051 342.73652220251
1082.13885199869 340.381135909682
1035.82259956727 337.084543198651
1007.86914487069 332.971292466037
1002.30510565388 333.197783903365
1004.47698444715 330.416146378636
1008.41717515929 331.445484384538
1009.12832187388 336.093833508247
1008.61829887518 343.508943028762
1008.44377785062 350.490526673289
1012.56625541889 354.947870305264
1012.19417340816 352.919591559649
1013.3400281997 340.967422735826
1014.1810798623 335.336591982812
1011.52410486427 335.754677875288
1009.36737693353 341.162935692225
1008.60721634343 342.297946754297
1007.51273474811 343.103630229509
1002.87119669074 344.867519847417
1003.28753848619 344.279651569918
1003.31051954348 344.348041476218
1003.2623463111 343.141635403844
1006.17080775831 337.530039558329
1010.86033541394 328.426603558983
1009.20340762188 327.301502722864
1012.28976293951 327.382579108526
1008.5903729203 345.764507649053
1007.55640150412 348.024671930865
997.854675563137 364.912765923762
999.877649933982 363.427130938737
1002.89207038141 363.189421737907
1003.259351436 357.581065851962
1002.4199015919 348.094986752149
1006.79321692933 351.128925178408
1007.41111996311 345.894098096948
957.143528196159 337.312505501422
955.595867484457 338.690075129261
938.864673683159 359.544030944056
939.232834865775 358.571566738433
934.416688468687 356.919493889248
937.634272973832 352.188242562728
940.025314194851 348.04235079159
941.400975050648 345.773978348278
940.255738201748 349.940203778895
939.147816617539 352.411756206211
937.690305842975 352.24102277545
935.577260797717 349.796322052536
934.27613765271 349.078703487699
933.75702437444 350.0725435299
933.079598497662 347.63957133478
932.043201618968 337.716536437515
931.641378608688 336.818360539605
929.616991635975 365.396694865669
929.641581427041 364.264420287622
930.525055849715 366.59739537038
932.058384186478 365.823572392636
933.420314191235 368.039406870976
1033.9217041811 354.329797522212
1051.0168924336 351.318872146799
1053.40774854942 351.204477598083
1057.20125190267 350.864067986641
1068.25676812299 363.13587214903
1071.70433770567 361.978782110348
1072.64356583623 365.84232929949
1071.21284625809 368.497900949422
1073.12335221544 371.549124118353
1071.19852824543 374.388998765963
1068.48417211384 375.369348938985
1066.76377119127 376.066312228531
1066.87215567395 372.081079519538
1065.81320381198 366.852939644037
1066.47042326723 364.274840282676
1068.4007586754 361.306800384329
1069.45344549692 359.664943266144
1077.23421179889 357.825847329317
1080.56662915319 358.844436999804
1074.78735601362 361.12989747764
1077.47581707808 358.828702232424
1081.40605052473 356.460116745298
1080.70450010312 357.02976592799
1078.83878683956 358.952178726632
1079.14670214738 358.40525637259
1072.86329239462 366.721290639162
1074.63453599781 387.130628787797
1181.47960574128 457.139922492801
1181.47960574128 457.139922492801
1133.33361775489 438.305652435065
1124.09621890096 434.692066507714
1105.12794218139 385.58332680188
1100.23383693355 381.33561324477
1099.20797027989 378.735367793077
1097.11465512984 373.414538614125
1096.81325956205 364.876514682624
1096.84947286977 363.44567484233
1095.88285817909 365.888278863685
1094.88327518805 369.730304046523
1094.54747252576 374.491542061969
1094.32930537816 375.863275644905
1091.9363847283 377.359681559979
1090.08767194128 378.025477259424
1089.94149957646 377.858328053925
1085.94972405214 372.460681751839
1081.65022658489 369.709576354914
1083.36726548995 372.313786506853
1084.78002637755 374.138700823993
1084.84287491744 376.327955073128
1085.63496790799 380.688838511617
1085.4150600737 377.714284283679
1085.24015430508 376.364856033298
1083.18104632065 361.858993044113
1082.75985900003 358.922986426566
1081.04412415582 365.357482384045
1081.14986008772 365.355830970684
1081.25164927193 365.629533805328
1083.34982453986 384.451829257332
1112.92114957351 446.827986539769
1121.54634566617 465.507306439012
1122.58117990417 467.138050166453
1122.26304911303 466.47351235796
1124.05606947888 471.350456174555
1120.84230734426 461.83907532883
1120.43239134957 459.336043098111
1119.73490458068 460.7432550725
1116.59374103617 465.250012866855
1119.52754684497 462.295097805027
1109.87583394386 443.564648389495
1110.6551331537 441.947497999867
1115.04365587401 443.5208726381
1119.17276741823 443.417821595795
1119.96407933459 443.124098422887
1125.8892095875 446.839215946985
1126.08115058684 448.672732028983
1122.65046140074 450.652687017448
1123.14208773308 450.662455960412
1122.79123738506 451.61487526228
1124.26520700038 452.055055820224
1126.5287284436 450.63032832378
1127.06646466629 449.398772365624
1128.51977642553 447.685206422135
1134.27475886771 438.164217031044
1134.21199102789 438.893741433281
1129.90593779015 439.601746325448
1129.93174304199 436.48697925115
1130.74934451609 440.039713423907
1133.16188087359 446.614287159748
1132.91695410871 444.377352514802
1123.08020616313 440.691710872441
1081.9504393503 440.221774154408
1077.21960759249 431.920752500572
1070.01093265278 429.944596488058
1067.74605010813 429.156439762075
1064.77525111677 430.711856452095
1065.88175810008 428.550293103253
1066.0488681201 427.955350023079
1065.62775772421 428.537751184837
1064.35981192325 422.768384647783
1062.32721927871 422.655123318778
1063.71715524092 428.133848100588
1066.14795899524 427.088112017832
1066.9547563278 425.465682907702
1060.42720244245 418.71714501442
1058.60087064873 418.79410272966
1060.29082347858 420.324671674512
1064.04522196703 420.258975495598
1065.38206537237 432.292997182641
1070.51433633249 436.289148087965
1070.16004515876 437.484802415424
1134.52497166592 474.495138166343
1174.61492009832 507.311932602811
1178.22089269485 510.116921941137
1190.13851063378 519.791604097603
1200.17484509979 528.635288616545
1202.07476848117 531.332640302293
1204.42770417859 535.874580331442
1193.18437508632 530.083999742996
1199.39107794635 534.440578421291
1206.94436298607 533.106191355582
1206.51336171263 529.030352239848
1204.33235122648 526.475494336449
1193.17955593449 511.190406487116
1189.89456491621 514.591283865112
1193.60814160335 518.347370686845
1189.72957005261 524.100618299365
1185.99408620566 535.894213004041
1187.02686581459 531.482848736399
1187.52174593192 532.450401187521
1192.90960839894 525.077719099837
1193.52443969106 521.478950833912
1192.59260037098 520.647192611113
1197.68549865229 517.104434613201
1198.13801452239 515.786766161911
1204.30347704425 511.410066482523
1202.04277953964 513.298472346972
1201.03166836213 514.483013358859
1201.14950643144 514.217433361571
1198.27576889554 516.584223782102
1198.26319114776 522.008845274892
1197.58168589764 519.100128436569
1197.46592327182 518.915354879377
1197.4071426419 521.522028639011
1200.18679043212 523.431006283641
1210.21987880668 470.082634215835
1207.5360941525 479.198447039179
1210.65803427924 460.806020468119
1211.39716860585 458.551680198631
1213.6490787164 446.613372522988
1213.91472307809 446.125165165549
1213.15462846828 445.069751549272
1213.40743627766 443.361004929259
1213.69501900564 443.22918815947
1219.34278577602 446.945719054581
1219.20535514038 445.914759428904
1215.69133381012 437.564297893937
1214.24170515358 436.77568038512
1214.53700926141 434.340233064655
1219.26419632652 428.9505652459
1220.04712194569 430.511268495827
1220.7217331299 433.637193855924
1223.29900836826 441.439025838515
1222.75924764241 440.543187947419
1221.22334293836 441.27544471719
1213.49726769223 439.310796404435
1209.17780537002 444.765360448977
1210.78844942203 448.28303064734
1214.36023843125 448.846718902634
1215.45526309802 449.839330745491
1215.34333508108 450.646241064773
1216.37897475126 452.439696583239
1216.6999823439 449.854766588152
1212.52321468156 434.416407483719
1212.75567791275 425.076881209632
1215.11020099793 431.108652064787
1214.31186266953 426.968212656072
1212.76300308368 426.522678974132
1215.51395777883 429.044716752894
1216.59049088868 432.399446093799
1223.58389461351 454.732285548034
1223.07826131363 453.314905735657
1220.27750560708 454.933198600937
1209.00446246469 450.960646277751
1090.25832208784 412.462432767084
1071.88597634111 419.008209461003
1070.54448401761 420.627533767532
1069.39973609817 421.011700919389
1070.21769252847 430.478667840577
1060.10398566632 426.368547907518
1060.68055286697 425.362238680613
1051.72587422271 421.454341082597
1049.29419437937 418.987219145931
1066.83806544863 431.754187599692
1065.65676227857 430.973917906594
1058.18184389883 434.185919504195
1055.02394262323 434.143843506881
1059.82525960712 431.153332028415
1061.6452870645 426.729005813721
1063.55019166022 421.903467350088
1060.87723998283 426.529541134009
1111.85260717013 431.982263307019
1131.10769684214 434.447929679167
1150.55563772511 435.991800538162
1156.063421936 437.424658505908
1169.91934738579 442.615687780181
1178.27163458127 445.385436482411
1182.76864932256 446.548680670469
1189.01925348167 457.273215303488
1185.40999743051 459.139276159831
1183.61941862842 459.606521558323
1183.1915936256 458.799844121791
1183.00807747298 447.760851327543
1188.11932788022 445.437557188204
1185.31804606496 445.881577319157
1185.46138005328 446.70554014071
1189.57713537602 454.555425349971
1186.66495871426 451.770273688308
1189.32223143481 451.691191285671
1189.38720299473 454.180725243309
1185.72972362063 454.528553460962
1184.69195549524 451.465810450809
1185.52896485267 447.018471204648
1185.27612527241 446.337623409162
1184.90161412664 446.334889506025
1184.24424653611 444.310799124629
1186.07688918328 440.92202879773
1185.9576855838 440.089712656408
1183.31517368838 444.527601068314
1180.77985418307 445.151057098887
1185.22080366675 449.179115670536
1185.55688284903 449.434101059063
1185.81480352609 453.860022442807
1185.1473527692 452.767716957369
1181.77692525092 449.620653840022
1152.34572189298 448.337488391802
1148.09706127135 450.385524907882
1145.32250053276 452.786809734309
1142.91473988344 452.737199143521
1125.39375129988 459.135864270068
1106.54259842428 467.107097759291
1108.49967177328 468.779011375688
1111.33448105857 467.4350979393
1109.34412961961 464.51115298193
1099.18127425112 461.361258673643
1097.97630078417 458.622047343455
1100.73742201081 457.763101861033
1103.03227690303 457.064213746681
1098.06434142966 453.130991946064
1097.496186341 452.320811857439
1099.78174904767 450.58993486418
1092.63158044859 438.590082797564
1097.5222338771 446.142931348182
1097.86323075536 461.753352220044
1093.23101493602 453.679166210884
1097.64493353955 507.855497034793
1104.04821161801 531.441332183923
1105.28352840021 529.605767286874
1115.06020253024 565.276505578027
1115.07280556045 567.48599398935
1112.24134117261 566.075592226958
1114.18339631644 559.705310479447
1113.17697682673 558.615395018723
1112.51940408756 559.186507193947
1107.26015019841 562.778187734959
1104.83851056378 560.627505600622
1106.12709160622 562.89691311444
1106.70426417094 563.816100008832
1107.8525676121 565.902246892636
1108.79137982424 567.077225284064
1109.30829174969 562.758561903076
1129.89156592349 586.380415658497
1162.3334485431 599.729004076622
1162.3334485431 599.729004076622
1110.96385100824 556.956031191285
1101.10796308816 548.749511245696
1096.05564046189 498.81515105286
1096.28601849703 500.088623422643
1094.93134863723 490.804263692537
1093.72647873444 487.793191591247
1095.98100441395 479.887273878264
1089.74896859638 472.544906896729
1093.38944125754 475.450335504957
1091.9680603268 474.649307671972
1092.39524828139 475.365576996445
1085.8766204509 478.701063294561
1083.57507725823 488.374941270175
1083.69127777374 486.908644868257
1080.47900072443 490.208516044788
1080.37754570357 490.692442459416
1082.40774075276 493.272309720617
1081.95891468017 493.340691066856
1082.21813105966 493.271642575518
1082.43198449867 492.4175718701
1083.58508554552 490.313862799789
1079.86660671517 491.124673973343
1080.30884337055 486.658555552952
1086.25964069574 489.884787950616
1090.39851524815 491.217618103644
1085.83341365016 482.612153570532
1087.22456267708 484.934241481722
1079.95259792915 485.562076091067
1080.31174689022 486.871825012937
1077.76466880588 491.294619185923
1088.63455423019 511.317262657722
1109.2121114722 524.188797658878
1116.77546442942 528.857978386473
1131.45037897143 539.07215740963
1155.9756115837 549.310597542944
1174.04167090135 556.639088805316
1172.21673404692 562.682574181257
1173.05099997732 563.235801554365
1172.99939935285 564.668430233388
1173.31497995085 565.515918426643
1173.00412783115 566.085810357117
1167.05882033706 571.900234727796
1158.92827902745 584.59526591091
1161.70204488437 582.236592218391
1163.76046718178 578.863784132463
1164.70013267423 576.707586479735
1169.7057256545 567.356823110948
1171.48730456092 562.995183323289
1170.61964181089 561.431862547755
1169.79768021307 559.347562471998
1169.04045697232 557.136707630497
1167.06973330825 559.280225309473
1166.36112811985 559.260476623903
1170.75875045589 555.474414395949
1174.10947445645 555.932972367234
1172.7009282016 558.258360747831
1172.91174739635 555.792775748812
1174.31517057051 554.772446081026
1174.08123574017 550.191459650386
1175.53909871234 550.319889390492
1178.5712810774 546.345124971641
1177.79807050762 546.095378073079
1176.34722862871 546.485776510284
1172.08822771142 547.481195812907
1171.64864283474 549.11797223459
1171.93781474021 549.279894803726
1165.43689134125 553.369481604523
1165.19714737106 551.374003300154
1164.56460107692 548.509262632167
1165.3505521023 547.510839123793
1165.61341216536 544.616269952331
1154.76749583603 522.37565956605
1135.22280950027 485.145137138978
1126.0404220262 468.495710082095
1121.81561179017 461.700033456237
1105.88735836266 441.346569787715
1095.78435119844 427.930582345704
1091.2490647338 419.05282970795
1084.83802901355 404.248290391918
1083.98162638321 406.028224459429
1089.4392350351 408.302192141216
1088.53434569193 407.416653187699
1089.03514920052 410.536596564829
1090.6104767939 412.198192034591
1093.13167109812 413.174880570245
1096.82682616012 417.618684904438
1098.41877872502 417.751082741322
1099.1895563248 416.955355329792
1098.43026638165 416.990618185856
1097.4538637258 418.229731581919
1101.64817566873 419.106885825552
1101.10123600468 419.70698468512
1120.47146517477 420.229003057688
1119.00051689216 419.052248411784
1129.5474090905 393.074234526063
1132.58670784302 385.683014546923
1131.13759943032 394.418947657317
1131.05328789214 394.732182891259
1132.95657752824 393.115162287875
1134.66554835673 398.023104651669
1132.16830789247 409.936558773283
1129.68001644256 410.64902125303
1129.50846907093 406.458753999485
1129.4001036927 409.616575093133
1128.38635380018 412.661290473673
1127.7943146769 413.271529838187
1126.68655964964 411.653487416288
1125.68692616261 411.418946225671
1113.35761754907 409.471022699225
1105.66278027421 412.013774775416
1100.41738401126 412.435729450444
1098.74010173533 412.616277384896
1102.57650127663 408.083697911092
1103.00739994256 399.749222302343
1098.81463579399 388.785233256343
1098.27851533313 383.638211167689
1092.55057038774 384.968480757291
1092.27167434589 388.818111846427
1094.72007182425 389.94203489454
1095.73802464593 391.200875981761
1099.19853850003 399.992101774144
1098.44550806218 406.108968187964
1103.29857640819 403.990754315516
1100.06331890516 410.736991464431
1103.61179375552 406.559397791214
1100.49742120139 409.433006327497
1098.05624146683 390.774896879426
1097.78872918319 384.568224175557
1099.9833334492 382.958865075033
1098.91998123401 384.356627753277
1106.49629414322 409.710695295337
1108.8119368359 407.356602528733
1108.97165050923 404.815814290109
1105.3866481856 399.656287844287
1092.83418243412 391.323134077925
1100.040481851 398.305587134033
1097.34662094959 395.299337045405
1094.4717159108 399.098538601623
1093.48927215215 400.246760377937
1095.05731641046 402.582487535554
1099.31849705023 403.461605533237
1103.28788267972 403.166762362144
1105.73184118447 406.360456516857
1144.88852847225 471.208249684911
1215.10214301419 592.766907605527
1223.01721329156 616.099923605755
1232.13160165401 641.590897237873
1237.52711338455 656.722584998735
1268.95603902789 771.122049532007
1284.59550409592 822.345359348814
1285.12326346769 821.60620364589
1287.07489080394 829.844023073172
1284.82503340388 831.960608270837
1285.75080803539 833.047796583333
1289.08891015687 829.07288321714
1287.50235626002 824.137268813144
1287.86095337368 822.272709814137
1287.69662329303 822.122412216105
1272.61050808313 810.863355123833
1136.08803114101 679.107857450028
1135.34416227451 678.215461701609
1134.51707284196 677.096803019628
1117.60793649633 655.108692695192
1104.4519834782 640.917560601203
1098.10156868605 637.186162206829
1094.17567596705 632.277654509481
1094.53563002637 629.782594328228
1096.38655069514 633.343272488265
1098.64843332982 636.400198477214
1097.26199290492 643.53514547005
1096.97784910114 644.990950666229
1098.35586606559 646.3848306643
1095.43236852148 652.181596432147
1093.73134043013 655.279622352504
1091.37088220032 658.419454090357
1088.78483570433 660.684286390829
1089.63421294202 663.309258799118
1089.7125721672 663.532389789415
1089.85332911038 662.291243333315
1090.24603288789 661.605475459892
1090.69424136162 661.05702253299
1091.54096240272 660.583530030474
1090.86988943004 660.090537669371
1091.65859433334 660.013484306914
1089.24283551634 658.740536297298
1087.88059500298 658.108092656347
1087.39708393658 657.952656383351
1087.47892233568 657.893095996013
1087.61358767086 658.143846705321
1089.0536600172 659.486107157033
1089.00597904935 661.122419402011
1090.82702184899 660.980970882383
1080.21771767703 658.999464117774
1080.61608553526 661.045721300259
1081.20645209392 661.610760881592
1081.577144239 662.089635760153
1081.5776219946 658.744207946885
1029.48724904059 613.937042495327
1005.24821588649 596.294184606161
1001.23430250283 592.179002595315
1001.20845291129 591.008463858496
992.060371345219 579.43715154667
993.201011835088 578.017885624865
991.302072400757 581.782253273652
991.65556697964 580.203095990866
990.775658955463 577.887122941936
990.535261204763 576.263742208758
991.686335510147 580.438505220279
991.903336885519 580.61474493674
990.669622719802 576.39152832307
983.606904205333 574.658383455838
984.34393846195 577.122142050718
985.782319620305 579.546171078225
986.103267269189 579.461360077203
988.937164554875 581.485884013375
995.202653658244 581.18697570055
993.526872112075 584.169501635555
1105.51267228471 566.495140534303
1092.68966338917 568.59730513066
1129.97260011851 563.600495085778
1204.09859860447 565.052325823832
1223.0362600681 559.988611332334
1226.40418150303 560.124419385542
1250.03964940031 558.011715371944
1253.01388507325 553.918777548491
1243.23598370031 556.939733059493
1243.85106075308 554.343118358709
1242.40930827123 550.688062803697
1236.47791767551 542.410708245466
1232.13146553974 539.479802100906
1249.01309560201 554.956647464628
1246.58116996064 552.097462269327
1250.55822979301 549.391765233753
1251.40996963592 547.012157760754
1250.80742208887 541.900416742783
1251.30056217241 544.816729952329
1242.33428727124 539.740341603183
1238.33725471649 538.604270863321
1246.12707154864 516.834297687669
1245.48532026438 516.148410991036
1250.03487294047 524.991096463081
1250.08732020043 529.174214305887
1255.02945614105 541.719329346225
1252.83614447412 539.229507626454
1246.62087698181 528.970027210452
1247.406304918 531.064835547602
1245.13027873858 537.16588789702
1244.20685875523 541.382267557637
1244.48807857677 540.419657984878
1242.94023424357 538.182167229746
1240.87780482727 536.607850966996
1241.36589759607 535.695224765781
1241.96576142906 534.238917057718
1243.67908429624 530.395688645624
1246.72010769613 526.299934223866
1250.16064747369 518.004607859809
1250.16494796428 517.849064933648
1249.96632634289 519.44840818966
1249.66316316722 521.270212506186
1245.03186720139 529.802736206993
1244.00998205701 530.166387286647
1243.43864331876 540.788069507783
1251.86844603106 549.402699335685
1254.42970403676 551.590710494718
1257.37852102989 552.483750355458
1257.19318852143 551.887208814573
1249.92421670034 545.075692151312
1246.19052729064 545.224912969094
1241.51138261459 544.068853844226
1146.42330794734 522.858449064765
798.361554343867 462.80192753042
789.796021796798 460.938440508628
776.202702049224 455.953596363502
755.619220481818 449.745435597484
735.525958634757 449.373818851836
735.138684319799 447.933922404838
738.746291130554 445.339546969045
736.886088185239 453.021267064382
735.18832913425 456.930664918221
735.729572692161 454.63598700566
735.009281677682 449.04331882337
735.400837540052 449.706006802441
732.916106399867 451.834168970761
727.794113477114 450.671879650374
720.748621847934 453.841631384362
913.253648320102 441.260712684253
925.990536452847 442.000682563119
996.130649657443 447.486378559123
1070.01416117862 453.974637572618
1121.42058815989 459.555318338958
1066.20477582191 452.125251629839
1215.22993835736 471.994731774904
1220.07312290164 472.096566923216
1212.52721374037 476.467188590675
1211.19362102668 475.582561606515
1205.85272979438 470.46210085594
1215.73078617503 475.565492497711
1221.36230580683 478.90501513921
1222.07384609379 479.126536360696
1214.15258128616 475.648545043795
1215.15964608496 475.435135145927
1215.89303150629 473.475591131586
1219.63156887327 468.508638152408
1221.37177204371 468.96917111508
1222.31443915041 470.136209839719
1223.76518849168 469.740402802101
1224.18111044138 470.674921794007
1226.27682263092 468.626336361227
1222.31272627667 466.752016564935
1222.64302354032 467.74985501383
1220.36115407255 464.512713306945
1219.850547676 463.267846185855
1216.00228590305 463.47064885604
1214.5948590795 467.293402786683
1215.16945232853 469.493865293147
1214.11696821311 475.117601123129
1214.36253839 477.984824383036
1132.20558810136 481.168523962909
1117.4399646086 482.07119804493
1091.25088504726 482.641787783006
1085.80775270553 482.335083860758
1080.13460843912 482.510916633852
1079.18968406819 483.607927343446
1080.69729826209 484.486962181391
1085.32909195503 490.938725729396
1086.78218766878 492.630310392479
1087.05816541246 491.987038325373
1085.77230413621 491.588860661447
1084.62071810852 490.370702802314
1082.90352146555 490.233330302457
1080.32787608049 491.465663752794
1073.70453346566 498.873756238371
1088.95942582928 507.601236472331
1215.04369359008 580.815330821806
1224.56949823828 590.218377758976
1224.90740731556 591.959559976288
1231.00406692824 596.655737254746
1229.3507405238 601.550800606827
1224.99259837018 600.409703932559
1224.18073505697 599.522028418101
1224.17327835917 599.435915050344
1224.73691326936 597.740282561722
1224.95414981136 594.390076101606
1228.24756369526 609.345864582785
1228.78737958652 609.757901535211
1229.25232792315 609.859612608664
1233.02458105806 607.024031142561
1229.20873104297 599.816613737307
1231.37081293714 599.839235211363
1234.09456753044 601.965028683974
1230.44677662011 593.440373108093
1230.27425505495 592.557655501963
1228.63702993834 587.565177054864
1228.46935867456 586.282286603292
1227.61219045892 587.500900059647
1164.60448071803 621.070746349844
1156.10513372458 626.084510506387
1158.0761123251 635.208931757687
1158.65091605371 635.980608552311
1157.04114969518 636.062307897764
1157.51250819126 635.883535093433
1157.44014817648 636.119366508402
1158.64713182187 632.741085409293
1157.79869771419 634.489077775709
1156.55267315357 632.643479678539
1153.29128529693 637.242677893202
1154.18692249695 640.11910884575
1163.47746262591 645.174240389141
1162.18300678588 645.651785978702
1160.9808718544 642.201791144358
1157.01204893858 641.670875830668
1151.56009190744 640.041968916234
1149.96578437265 636.742256107571
1147.40754646031 633.096711811545
1151.75359252851 631.498413019572
1152.20545970736 631.274861978573
1152.93487735199 629.836381359344
1155.8560065281 628.949702300187
1155.66412772301 629.407758014723
1154.71150087856 632.022892605374
1157.50855231861 639.31342975967
1155.38434531823 642.619413385466
1155.09860322898 644.57647866225
1154.53974548145 647.04565587733
1154.62606336277 652.369466969665
1154.74885193895 654.223531784091
1147.11204562359 655.104690716628
1145.95037505653 654.924258796227
1142.50977278577 650.681457250685
1141.47405931312 644.429874812619
1142.15952042415 643.732164715188
1146.9245467829 647.5768709084
1147.28717701791 647.082488242476
1148.6341448977 647.970226951827
1151.85750824065 652.04554218362
1155.85653650554 654.048004552742
1154.48240904491 652.671083713354
1154.22648367303 653.678803202577
1154.37424451212 654.039749139239
1153.93202400621 654.592448363855
1153.94016484475 655.520822509517
1154.2502378323 654.956369600636
1154.43864960409 653.33142129338
1152.06046480096 652.170830149028
1154.36619812969 646.597339544451
1154.34430861951 646.292397078928
1154.58870111396 645.72172814472
1152.44648383002 641.391508068334
1148.55000826014 638.861168832434
1148.62210784645 638.700254878446
1149.45335044478 639.359678624854
1150.09838444084 639.705847151015
1151.34573671781 640.08890708016
1150.90997877827 640.352772499677
1150.49005817444 645.116711603165
1148.1146445258 649.030325842706
1149.40169157062 654.716493859369
1148.90194468905 654.532102904586
1146.96531308919 652.278333018155
1144.77019901825 650.159020762119
1145.07619716987 648.81044452427
1144.09824659371 647.073390186396
1142.87456850239 641.370370979524
1144.49424856013 637.177066139931
1144.81414256386 638.075313814686
1145.74870381052 639.880246835446
1143.78917379167 643.619417374333
1141.44169078476 646.176669538807
1140.41410368759 648.511704735575
1141.90077351292 647.4523323236
1143.16997318231 649.29989112743
1142.84620996534 649.482023066425
1141.14534688878 653.512441689701
1142.66632696215 655.30475450001
1145.71317378592 657.18245231259
1144.5730854888 657.84613100272
1140.61939181331 658.341992374212
1138.69926385252 658.239440775503
1136.55476913223 660.821013272387
1134.60658539037 659.334088790908
1134.15202252716 658.482558158941
1137.30632087094 648.938793759655
1138.03231913247 646.383675158609
1141.51884452519 631.550980713148
1148.01563893497 594.392456216799
1149.32382855548 589.753855619822
1155.85470875418 574.371844128345
1155.76281279462 564.6991537665
1155.54482788744 558.772343047798
1161.31603206928 560.019313673914
1161.68216760595 558.791032418399
1162.40215672779 558.041796841963
1162.71341750548 559.750394556302
1155.38781687431 564.28060874931
1147.07837530799 567.414089124199
1236.23293144758 544.826343378751
1147.05347815225 502.116053743168
1095.9728470106 488.976999084576
1080.26204715002 485.001175717081
1066.1531305812 473.863007061733
1064.06633239459 465.765257052574
1064.32877939787 460.435459686595
1063.56394028809 459.239470678181
1064.99201746376 456.523677254275
1063.8499762169 447.007086802348
1064.92272338202 448.781868477222
1063.63865089071 449.62959053248
1063.20662596002 451.037208323509
1060.70592828062 450.12988726414
1059.9597413713 446.675070653383
1060.1036438593 447.082275735523
1060.82678011714 448.625446256221
1060.66641120453 449.144530579768
1059.60427016895 453.845488269238
1058.03797015942 458.709064660073
1056.69073377599 454.660282487368
1056.95087594676 449.089330728205
1058.47142025292 448.169392652248
1060.7937329974 448.260428022849
1062.42384009914 449.827715514044
1064.92206748516 457.720791281314
1064.50270560555 461.571390178309
1063.43119444333 458.639798664343
1063.23816609048 456.93030880192
1063.16825437498 456.272561890538
1062.19575662608 446.737616598318
1127.49416127134 483.985169666643
1162.67584030081 504.457725668288
1186.32394186561 518.198898053043
1218.31735127148 548.870383386729
1206.1719258304 519.780283203034
1223.6318551831 549.890092186768
1226.82858749517 547.585813738194
1228.89864097454 543.291518404747
1229.66674721111 543.459474273707
1231.08719262233 543.342103301823
1225.60064943306 543.647264807385
1223.45985977409 548.887204694745
1219.48024205188 562.818473466286
1218.90429092134 559.695495345301
1216.24451886848 557.627943078811
1216.83623457595 551.618534226317
1218.32336976989 550.1382594315
1223.31681034928 543.575465478922
1225.00516705653 542.333372618948
1222.47532067868 547.862830772021
1168.34336235211 580.162002906561
1158.1161089086 587.273088521294
1147.68188345077 587.870207634123
1139.4528200524 592.572962474325
1134.26088430291 595.114042380252
1130.43567636367 597.83620193642
1130.6760899816 604.607640288077
1130.30245642005 605.136776774622
1126.13001625073 603.133533736062
1127.21303116074 602.220879761559
1131.92460474811 600.201303437708
1131.03433456488 600.648471035816
1131.4959521993 600.4393762481
1131.99432361807 600.794359463262
1138.17404703311 607.947121820118
1136.84984376874 610.711870621901
1134.61788158811 611.704048828555
1134.78916177413 611.624797975388
1131.95424913242 609.955421358584
1140.90957052262 612.104295978355
1141.31423807631 611.73314967592
1139.58535302614 610.017203446696
1152.40865457777 596.772466027698
1153.41273390406 594.889154046787
1180.91448465929 567.319302173661
1219.89053356943 550.873876109491
1221.68336150461 550.09689799453
1228.19891732159 543.929754848029
1231.57417596506 541.891806288733
1231.09269308203 541.079807874073
1232.0054183968 544.047824403661
1232.60677594408 542.934971234232
1233.1457916717 535.44283292688
1234.18376669177 534.60532374647
1241.33720842819 531.054809151601
1242.44923676268 531.491643054723
1238.47805231786 531.220110838748
1235.00758184565 532.309435120199
1235.3227331241 533.657152298403
1232.65132367642 536.108372100875
1226.39769931127 533.768327970144
1224.7836106728 530.331580724299
1224.6342669052 526.647647344115
1225.69777152373 537.347515249186
1212.26948614382 531.848462900856
1186.43745712542 529.728454955328
1171.73809088782 528.50321460098
1152.78172445097 526.951683628593
1124.74410372919 517.028506056023
1123.93401581547 518.777458941802
1113.17854735978 515.811178275063
1113.31655933468 515.954857700501
1120.38436350402 518.734561571366
1120.92815469523 520.608910541715
1119.17617074502 520.34379039348
1114.58436857375 517.846700660783
1120.2321761475 519.589557045638
1124.79204530128 518.26257869654
1122.06497788462 518.299084343603
1123.99296283484 518.281464281897
1133.144794265 535.20643388024
1131.11614987936 534.434477232722
1141.06510976296 537.293603686534
1167.81723463891 540.416627404705
1175.4738535918 532.100846689257
1185.43675090114 531.393119451739
1188.38182751649 532.918645287542
1185.00125177142 534.996951098538
1184.15568610319 533.599511385008
1183.02488301428 534.392476893334
1183.05880234792 534.565611046098
1185.02993359921 536.170730716451
1185.5767577539 539.142318749879
1201.14955501798 548.790906518468
1201.8221210116 548.656909554585
1196.59403328104 547.128778351723
1196.13993926057 547.13127445773
1195.84375222465 547.525292409168
1193.49348350602 549.742767821879
1190.87110324229 550.790903839122
1189.40176843787 552.35794329714
1187.06294499735 552.895651129297
1186.57388349103 552.952339322837
1191.94962467944 548.802649850021
1192.09492237762 548.047339235565
1193.36631250265 548.625028691255
1193.44800867072 548.148835343629
1193.06175856201 546.777033343545
1178.64255664744 549.650930658748
1160.49901628858 548.865882439654
1143.57229202357 548.671552836445
1124.79739639339 544.82951431022
1115.58960947326 539.568549740477
1097.72836054042 535.622698780342
1098.37280289638 534.729791337142
1094.02834375519 539.248836936713
1092.31383355074 539.11291782983
1090.62346616891 541.132875483081
1089.09803746923 543.006516864483
1087.92009331879 544.638994298361
1086.32020780578 545.335955301573
1086.6004980021 545.846226861072
1087.94856972998 547.017259746399
1086.55708049372 544.438529512973
1086.99939455795 546.056953219758
1088.71846552657 547.302153159012
1086.19939568631 547.874886002909
1080.83216178876 550.284955262157
1080.16929435413 551.308225535034
1078.84369437251 555.634167587747
1075.12784217665 554.785805075467
1073.55530909089 550.986762387408
1074.02321879061 548.032239792605
1072.13322159668 550.103864271
1068.56847593993 552.369031410879
1070.58302413615 553.715827067057
1070.49840747951 553.93639601626
1069.5837305839 553.548765715413
1078.44769650821 557.078569333411
1085.05410464016 561.08011809135
1086.21019450035 562.304943653306
1085.78092218483 562.364910367013
1081.76237726286 559.317990819188
1079.92511109294 559.00214427569
1079.24450421371 561.258596677572
1067.62596233596 558.84732106615
1068.15755168513 558.530338027778
1064.55815346168 569.741515987344
1063.49198429863 571.48396378259
1067.81055634569 571.714550851194
1069.61220148966 572.904786186843
