277.64681809307 72.7054564184657
283.75679635253 55.8965503788036
284.06385523427 59.246762775324
271.549926003524 149.240108704262
270.803986601869 139.731978120817
240.544832327906 135.079448485794
203.799297206028 82.620371177547
196.375888106858 62.0122197728056
231.074786513553 34.4604072570135
230.12647998613 29.7683127578452
222.754840926112 41.0201162028875
223.26374730664 39.8230854859163
210.826428652713 41.2956558020674
188.459469758719 74.5401171574692
178.596516383621 86.4819020253833
176.767413723557 88.267603826818
177.104748966727 82.7192228961339
176.978969849983 65.8546779745061
182.895861782597 23.1474659662163
185.066480991207 6.60825871836745
186.723362658763 -0.651064538439341
187.329342219864 -4.78231938467238
188.976021804463 3.46024290676543
189.140373755578 1.69065747065672
190.192103908966 -19.1894373866926
192.62275731563 -9.73455686523023
193.203734350614 -0.447065502445279
193.576527566258 13.6720499674731
193.023033929141 81.8199598883485
192.196005843943 90.2105511787374
191.711983642037 84.9696028331288
192.371867058659 72.1968264519628
194.790923623875 43.2382183873734
194.617475115507 47.0286345649172
189.892588089692 41.7171894655239
180.573280551802 35.2895475136782
173.116819798168 42.6039098427472
163.362342785597 50.124520425794
125.506232742434 93.3525329703079
121.924077137504 92.7970638813666
115.668576347991 101.343016038924
104.976081367677 121.894782359397
104.16473084953 117.862758284464
106.291529202229 124.553124070283
105.277904606542 132.038745899672
100.023424383775 133.072522571669
101.411384136334 129.203638179483
102.447339555793 116.989560067032
117.802043048429 100.385813187499
123.317006382922 97.6037865934398
139.93230642404 82.2084448944299
150.317906237004 73.7726154400348
147.502765073658 76.1853378929064
133.502860561141 90.3890122642691
120.866396159847 85.5743232705032
115.527561945543 84.9006358755943
102.238323884639 83.4904031590568
108.253249982684 44.3011507378654
109.873878532012 39.2697254411509
109.438693365565 40.568212570353
111.846353949664 26.1382551559045
112.02407627764 24.9789361623063
111.977916903691 19.2227566096986
111.39624916229 17.649328785822
111.458131948006 18.7600346410518
108.385262678743 37.510572763711
105.232226223692 52.6430749202728
104.683379465245 46.3654632192719
99.2238086038954 75.2736998340045
98.2562784908177 89.7877132705149
97.2315487510993 106.454416008567
97.0433566782127 105.963255655564
97.1819586570906 106.721015840012
97.2599263717233 104.641913210623
97.2742555422574 106.173259558608
99.6668609264744 72.8742708479357
97.1986795254292 57.9321106240877
95.2455467733862 78.7692620635769
95.4015351762226 81.971800280413
94.2683837260632 83.2940588559553
92.9193338169845 86.3352820281899
99.7502173548768 102.977281146698
102.817915680316 90.5111025380192
100.328251725425 87.9863934398213
101.251323781798 86.0134947637692
95.0649361897141 101.246938511892
94.3875997993067 102.188739239317
93.7624786667825 98.783006994068
92.5135297064663 102.1753818055
89.6292767153636 112.651765070871
93.6862710696838 110.759382447954
99.5615789315026 113.934230584704
100.011941673468 113.029974260676
102.296827959962 111.605533942683
101.968518417248 112.126297268163
101.013990233005 106.006581682468
101.334526337315 102.680773335191
99.7747742258272 97.8623130397963
101.893412406036 106.849592488279
100.463366934043 115.332292908746
99.5910663089463 139.922480500668
100.860538532858 132.344201288329
100.696214615616 120.17200216392
91.5698549989341 152.239505931998
94.1622717856301 132.491084838482
103.019149966031 47.6669367049717
104.392493841231 36.5177434505089
104.162821084389 40.3436937834805
101.730228903612 78.0961861278335
107.033620817172 78.5626188582866
120.735943673953 104.417502471853
112.728052379904 109.087204225752
108.818681962828 103.579089337269
106.631174073352 60.631859496756
114.36175216836 39.0688769648645
116.000753930819 22.9001145105076
113.717701096214 26.7391945212862
112.824285119886 28.2246026373833
114.936065585049 25.3451466459436
103.057202983683 97.5203252157916
101.319696157715 101.329282202258
100.267330914964 106.994145855824
93.9640726600651 141.799025754244
90.8105817872888 159.406061817084
91.1877677403338 154.836160101866
91.584020613786 150.88733837925
94.0055003296703 144.885182335504
95.6335131805035 140.739487353733
95.896067200312 140.949471552481
98.7598164077062 139.123756949919
98.8102442368194 132.221542507818
96.780212403707 127.962890139625
97.3963632263967 128.547798277811
101.611612175582 112.434168943483
107.009233147096 73.5947859710571
103.46032793776 94.1911721518483
102.234350534783 98.1595154866852
106.817567976987 81.59678162853
105.677566139449 89.3229096114999
102.95383515697 107.01780641129
102.040378301379 113.985233460404
112.305217481748 62.4279984813901
111.925347098715 50.2246867441038
108.692842274033 54.6556479714068
113.639821442432 35.1237341616095
112.953921098775 29.0956921021376
119.462109426863 26.4282550760783
123.412260272122 39.4150833055972
116.269501193792 87.6290179300826
116.207181741895 88.0056379160489
115.08696478652 93.7111080457551
114.386842914106 97.3738102147168
116.274984446698 110.288414818688
117.386286833569 113.25635807211
116.507549935994 108.737206453503
116.830745761733 106.1169601384
117.472485322109 106.547937951541
116.40237347717 107.360029767708
126.948036624439 60.2968528818488
121.76944846534 75.5382193551191
116.082970852213 151.394914990492
115.955736740246 152.30379399064
114.301203054921 151.716409212485
111.412526575269 142.248681162275
110.166133884988 155.468151053873
110.410128566282 154.728004915588
120.845189556155 82.1574956847142
122.361403560785 74.1705913400151
127.237191115408 36.4548825386952
126.558520972805 33.9662861965415
126.90999938453 35.6835318923577
128.104708388152 37.3214544467811
129.33978489865 46.2246089709237
127.032925622679 38.2652790505024
120.452014186869 76.9328153745481
127.290888005308 95.1426697911098
134.105104001327 102.785633207656
143.610687018274 109.100386154207
149.243943501336 112.691534308849
147.44475361586 109.253173111923
150.433975973743 44.6153079015638
149.744699550977 48.539677081462
132.198450525546 79.5072522892523
122.126299203966 112.363900484878
121.98047763396 113.710126467032
122.260255613723 108.175226959291
119.359252097557 119.773487636595
115.930859446677 115.544880671571
117.833456552769 130.967709684548
118.83414106559 99.5012263489863
121.184773271513 71.1312306602674
123.722495793972 37.7105862518939
124.501233397553 27.2548284601554
125.368070688799 41.8187220213676
125.574110351807 40.8395394411598
121.922948106605 34.2664074123797
126.744113707813 37.146949156425
126.863202341093 36.822037976136
126.497300323891 36.6397576493331
131.246386956615 33.2664758903996
127.619145769838 31.7036049140164
128.296895563346 32.5179494640334
114.299831497457 122.004454548805
111.672545312734 137.185464311762
109.387259103132 148.639239000253
110.660809106606 139.040744226521
113.550267554382 119.247263333996
111.363909670423 120.276016816052
111.351591527018 112.227743273408
145.670623269357 95.7856683271977
148.227102279702 92.9601263848901
149.394187889802 90.0201225066321
158.872712544325 97.1520348025714
157.702552583162 98.7127485175583
132.651816996103 113.769478644401
121.104917308651 115.271519254064
124.1990921168 105.493842057031
123.945176860705 103.789833594981
116.267733204456 108.257181526872
113.945274321651 113.695401095353
115.240703395984 121.666393611789
116.278243178403 125.620010971042
120.717855571267 126.891012959856
133.955594379587 125.729916941116
153.784595663204 120.497320138409
139.47781942857 127.578443687431
139.444672742842 133.514623620422
124.808781175826 147.101267453193
122.980003834376 148.955765256246
117.302323814563 148.03973201899
119.8559525721 134.136605634034
120.858409187177 140.666076211617
121.569136484046 138.565793958614
123.36957568082 125.773900363411
122.89224846436 122.902180246245
123.742328814836 122.415540198504
135.331496634965 112.036064129699
155.372291310262 107.017117246205
157.147817197773 105.369267710005
162.169334826592 109.986277096431
159.529913846402 112.659218928842
157.612176057691 111.762226290981
151.680050935185 107.840256686695
130.940778970054 93.3934331358188
132.436097824755 59.4996594653193
131.63523494849 64.0347865640203
130.024944231559 74.9168580991455
129.249186556994 78.1001757992083
126.601637751438 92.3291589356713
120.636872387503 112.033269861824
126.257424176656 141.108480074374
129.388792579303 150.887247923059
123.59245108623 150.402984483237
119.536214742503 151.24313955068
125.292752080498 145.206700723499
134.590851735928 138.379510952665
150.151789240044 124.002797688662
126.814435110649 143.721274773532
144.282906218074 127.472651767715
143.824391033987 127.023954435581
131.057021326197 139.29501909106
114.783524367431 159.263284513346
113.139365603726 161.372855927177
116.122258715947 159.399625792046
116.148004412837 159.808269197921
112.913867748488 164.277307588759
119.499629056297 156.39473261657
154.72037893805 132.127328408983
157.977456825906 130.636657997658
162.981566654695 126.71608705107
159.37812678561 117.813701147065
127.203215511348 80.198943845891
126.537654342591 79.6385885131132
124.409606747025 66.8951955243917
124.913789565339 61.5445639167295
128.119456721414 55.9254252371896
128.68412879286 55.4700931790707
130.453791697146 40.0726396960372
130.707329508715 40.6425374013047
131.334410599902 52.9870588345295
130.329108570447 41.6463954091064
145.157924918241 72.5862286339863
145.157924918241 72.5862286339863
170.080051827351 80.3746205620661
174.861639692481 81.8689103740071
202.117609249654 89.2261267808297
206.708998543399 90.4007307221206
223.269254875444 82.3553815423329
224.228477892219 82.3546457357982
191.418780542394 89.1861713184892
185.833712353511 92.4478929429692
186.979182422515 89.9149723255083
186.364789105848 85.8678697346502
183.617647837168 85.2360878978097
183.682067479427 85.914897514242
183.95249523914 86.9662759559296
182.244986950417 84.8034099941139
178.598229932728 82.0904961163314
177.575212241548 83.985384564354
175.802527920468 86.2202866006826
173.597319075022 84.2891455698043
171.604672995977 85.1950531122571
174.331814975627 75.5322653964573
174.154873667429 68.7653979056328
171.493424187871 70.1195780061681
169.444725186853 71.8411013985356
168.335770164246 72.9470623330942
164.144609045283 71.1134225320337
166.697193868586 77.0162173142882
165.227585218516 73.9572919131257
167.188867818101 67.2038501085635
169.375427065979 32.7967905576401
168.367709843385 36.1486477403857
162.251144874083 42.5550551114616
161.205343551688 44.8882437649078
164.312620580393 39.7513393661172
164.733185470609 34.8791798245943
164.946434671585 29.731145574383
162.03827409653 50.1877070327728
163.130613094766 47.3913627009841
164.154018141686 31.6027652953075
163.916209356541 26.856904259742
163.938963187648 27.0906396830685
161.314106229564 36.9588077403213
156.147530607448 20.4074238502049
161.773350383857 33.0049389754268
175.374745593705 60.7182422989964
174.687453954059 63.9208794643612
171.446114999674 62.6286833185817
167.135268015269 62.9746190839892
166.592637110505 63.9799409553418
154.693115990197 62.3827627033196
153.807342483749 62.039087321067
154.848109242755 58.5291889843061
154.325538568673 58.9679954779471
152.363451525297 61.7958808345228
116.840827134175 80.3322095665412
121.699429976505 77.144832785794
137.762926407156 71.5892874165214
143.530117787879 74.6492662173482
145.231001349036 75.9326797324273
141.861104703364 78.830230430853
124.049876148882 83.5991841552996
121.071626577912 74.914353556833
119.891397593118 78.3428324352617
118.576085587894 80.2676387566998
121.155606210346 81.2284943502464
120.658135306511 82.2511202842806
121.747563620137 87.6256387891679
123.336640066 89.1737872924063
123.336240532497 90.7404465329991
124.123202184779 91.7808255924844
124.564751890897 91.1895604159132
128.372417741137 91.3361272115726
143.041598909166 89.9647845162074
155.639483586431 101.284249150894
163.243618966393 99.716269286305
158.324521287454 96.7925542524114
167.071207866892 104.133252653834
161.859816046572 96.2749171569905
160.718318742099 83.2231028431913
140.64663380441 50.153884311833
137.072385461481 54.9909808558719
136.471478997275 69.3091397346825
136.237005093322 73.5310642936597
148.067872923809 79.3548511958131
155.95816998189 85.7086404431446
158.494158772281 89.0593699330891
161.075745617968 90.0245790425822
172.45083258245 90.3288752995089
177.243747030248 78.1605080398607
177.480883624253 78.6499093276002
178.232818490835 85.4931726080608
168.620691932612 81.0622592512386
157.456473764331 79.6976081841062
164.190920590707 82.3561070449199
170.329312260549 89.5743460562362
174.356394931342 92.7461961422576
176.237379230186 84.8957508030326
177.019615214026 84.2347674548621
177.033885323294 85.4801440016452
176.692904414629 85.5536752709137
159.480298446291 88.7559698759463
155.857363025845 94.5255474977511
150.418611503933 95.7968875127604
148.514905938153 98.8769952363586
146.093285829839 102.00758250877
145.603220184368 105.049617933131
121.993070454292 123.440745366556
116.054783986253 128.23772625116
115.818480555778 128.794988174984
113.816136359432 126.219271469917
111.311909913404 122.221401962367
111.221862893375 114.406647168219
111.26701708043 106.027503875525
116.905985949267 102.867127445135
117.031202789962 102.635301595236
114.480885478627 100.120701143299
114.776158907783 100.002195094771
116.46105989382 101.113627085212
117.635626331056 90.2773909294447
125.052398434525 57.1028858852557
125.715940575782 54.5071223816565
125.49900322228 53.3538056044209
122.279949001789 66.0182353515725
126.720308004653 70.6182132057065
142.29843882052 95.4474991424917
150.412229417775 119.660955977751
151.806317066771 122.239294747034
154.726033553942 120.258590772832
155.22412817092 119.341849054048
154.015658827367 112.309677647414
153.449912612094 111.241836108344
155.980836297587 114.120366706558
151.763136356424 112.209283245366
121.989082522808 111.21739461577
121.388920544197 111.090600960699
117.727245247349 112.113996103502
115.707609721207 120.065512302839
118.129271583123 124.537650033932
128.451384500746 133.825188792973
153.707761752365 149.948095645385
156.309801234473 150.975470945784
156.966720077726 146.056865882841
158.299250870932 136.619091832506
157.990979673287 134.948872906557
157.029218706865 111.129744169187
159.751678842148 93.0547622033902
160.770458753829 86.7208255485463
162.602920977735 49.2009076841929
162.66447557308 55.3964053236605
161.839877547278 80.3137775316044
169.516166512317 93.7236156121906
168.852439853795 96.6057845907923
156.660041060501 110.353383421018
160.218109453264 106.80396558235
153.990104881278 115.358476653171
145.744620871133 124.442823274007
139.979339767137 73.3896257642964
136.239071084926 88.541258931684
136.434749422243 93.3825519215033
158.06875155234 94.0330843668319
159.552700670258 92.7332273134075
151.949063062757 69.6801302765615
155.202471497747 76.7742401587622
154.184435791703 76.9857897489501
151.62653337191 82.988644048435
133.842074926613 121.888776533687
129.425916680222 138.565099898253
127.318806766833 145.566470820452
127.043037108052 145.885901826585
124.831449326144 144.578342331646
126.497063859118 140.191777591399
138.235622832579 138.116822768583
144.770728269139 93.6050881656817
142.287246069807 86.3466897951677
138.120397842315 78.5021879016232
140.236144490052 107.923290837422
140.139727824758 130.305510530994
136.281033304843 136.315996109523
135.049831658499 156.437443974883
131.989416483345 152.034169923201
126.319507354343 148.313580941778
126.275356575291 145.002648345121
121.160735359621 130.619761415001
122.893991603683 118.554411836326
127.994991260342 90.6320278040252
131.866099638819 57.0240411234795
134.882850637819 88.4660492822395
137.796034219281 132.826381268268
132.22344940474 131.586189816854
124.229928975194 156.861493054415
120.860488091877 162.196362672039
117.099507235857 163.801008257009
117.215027689085 161.582250684652
115.31446465562 168.277653741532
113.783252820515 173.983637268816
115.031327025231 174.918355447763
117.115336410885 164.923537168235
119.560791262414 148.724206162524
118.059477307528 157.193650886893
124.130648568461 134.716434030795
124.209687100058 134.390713854391
121.997790980629 133.102251267282
121.199963200374 134.261560816911
122.268784905103 123.180723707289
122.343016662785 122.714483753444
120.603710281808 122.619846673554
119.840604161246 119.876622951469
120.769231328807 118.574606490027
120.703170077854 122.257704372384
120.076499832347 127.922555944219
122.112755012532 124.642198118466
117.266965959115 128.236220008733
120.883858898674 143.10010369648
119.443727996478 142.554193909728
118.541061048547 144.511562783066
120.551737137269 147.426401261717
121.335343283642 140.598669506628
122.809725321173 127.022258143515
120.471259952703 130.411477356949
122.994918689268 104.310540107767
125.816628962926 79.4995461745721
122.445635232395 101.361600340173
118.920275901739 125.925131479408
117.693262692807 116.296516819452
117.69614335305 115.979410954008
117.27825733125 113.38620672582
116.596709408626 114.715338134403
116.689128069685 111.103540086736
120.975136777464 81.9551838643118
121.499430419878 78.5260209095376
118.958541137209 93.1246143136751
117.34548444429 102.275331649309
116.488631954376 107.091346827283
115.749228705212 114.318534259664
107.848969089015 138.985378193285
111.459096222438 134.650688649091
111.815540336557 134.208287033492
116.283379574771 128.979413075546
117.52179799069 127.706584324797
116.501476620253 110.509085658535
116.981281239659 118.254238790267
116.779233942585 110.144848061866
125.937937747438 145.020874887294
118.88633860385 146.019046677641
209.270639558116 85.4562670537913
311.289717654379 25.6016661074258
317.913652640851 36.1855582829974
326.640720614544 45.7650815817996
329.651258834766 66.5952076235531
327.219517045601 150.892892805739
327.109180511168 166.748363145322
330.745843026225 165.399751852315
329.509227628206 176.57397327894
329.005696338238 184.698282041629
329.487985232944 185.338249814991
332.241101931706 186.400952105829
338.392927042415 183.240720197364
338.416273366294 167.942611374643
337.902225271808 153.293987232134
337.89707721965 128.252637132444
335.353511041377 103.507785671369
331.646867923463 84.9237390803217
307.532473762987 157.803273207299
300.153377776393 181.722951487074
304.486686848046 192.225527259693
305.425809939112 194.607497790962
307.007617793466 198.547290591817
313.437732849836 188.090850953319
313.312336038452 190.475947914787
312.683200744819 193.066268609929
317.349682980225 168.430465506955
328.862752182156 80.2741352192852
341.793239791991 68.8404699770805
343.336262858111 66.0746622498681
336.933518659286 60.515313921117
333.123223678299 61.7600426327421
330.679174663179 69.8277863517358
335.398324657139 62.8817226532689
321.386336419982 103.621882110322
304.927403881961 175.326832619932
311.810066173134 131.504034910727
318.079535336121 98.9643861790701
317.847210653982 99.0155387390169
310.5794115442 135.724692705281
314.872348942906 111.408274356653
309.070586728014 139.453214213735
312.306595335727 162.954031611389
313.231598539879 156.940654603088
312.601305642177 154.638308215673
312.018104043209 153.312717612907
311.571106927482 157.84088285318
310.234067353979 151.114944726529
308.787269366815 147.796109962535
307.151887499106 142.943590004236
308.177740642855 129.895324326889
306.65471802341 132.227547749149
305.919928154969 132.331052522631
307.24681538558 123.675322605807
307.434948942405 126.407464821154
306.549461297822 125.767691873065
306.217622788057 127.247722146253
305.073062671995 130.765725010842
304.452105013377 130.722345012807
304.444812309376 127.218821464537
304.409686964528 126.823420530307
303.868842881011 128.118485496547
306.409435493775 105.609327744566
308.084783590023 94.3239605411859
306.606899077159 125.888689806471
301.289449201257 160.143744074265
300.225891022331 167.043226444834
299.053530549198 176.99102581568
298.451682295916 182.66424821387
302.432309291521 186.115123910928
299.897251076573 186.054272813627
301.729021654081 181.993721930546
299.834600264324 183.232885850636
303.481168033192 188.859205265366
306.108775162963 197.055219619536
307.845832285465 197.150076913242
308.580355618812 193.068374544563
308.307882085287 189.051946676766
308.474892274996 193.939054385444
309.325620106421 194.71315953721
308.773876305823 194.903328760964
306.627136921685 192.761812411466
309.888673667264 153.978718336144
328.397701765712 83.2832613389224
329.739245394022 78.3129228921952
322.598954694983 96.8571194529672
322.642315906994 96.3638195264501
325.738803686058 87.4870664223129
319.947881720217 164.300755644741
318.02275510944 189.108904824215
318.13654737227 186.731829008862
321.010932400507 203.203481374576
322.429391899417 193.585861135324
322.514602888407 192.56875689856
329.46546235636 161.094137840841
331.716661005171 155.038258758154
325.188031249544 178.564621060427
330.970774291326 160.064950110462
331.45085726408 147.142020125242
329.03713715371 140.562806964117
320.653272449628 112.930171533309
317.255867447942 117.307966281427
317.867019868681 152.606732926883
316.60946367112 176.084549933614
315.192984861647 187.449429537006
314.521902919789 191.964182081682
314.045253438254 206.88060214372
313.134065997615 207.47784653485
312.324843004467 208.620575658593
313.89120430288 187.228975725183
315.856168715552 165.581855417441
316.34491718351 156.070642332681
316.088835108975 152.185731492634
315.958144625896 146.646921292287
315.772946337731 151.005507628671
316.39333733545 153.525791154656
316.249829230401 156.441667348195
315.654904564643 159.809898291095
316.031088942065 160.023428815544
315.379358332925 163.0317235939
315.340870956097 163.168941637682
316.30284275508 161.806330407726
314.112128077445 195.252752169755
314.35716771991 191.330756235408
312.437398713052 170.359542972087
311.690138918361 169.218081186914
311.465420944192 169.037640372929
312.002651814211 160.332815689851
311.372565329408 158.155181542439
310.434266683462 157.298089111414
310.232327270525 154.176666612859
310.252025352564 154.837523578501
310.318603035207 162.382397867307
312.499225566168 178.383663790865
313.92842354512 164.23294110187
321.903555223825 89.4438277019632
320.321510044267 97.5445832293162
319.136205202765 109.598146701873
317.016667650745 134.615422327036
307.615628644095 197.741471336006
307.212627426252 199.323145688749
308.75069786629 193.68170123334
306.967941883967 235.340608382004
307.809118859028 245.321453813292
306.36629320676 247.340920059206
305.069435391527 247.097528477174
305.640849217854 246.740861199163
305.124692877535 249.272033670594
304.952765671887 245.122431250827
309.256368357367 243.391831498699
308.409112255518 241.487221322123
309.101839525819 245.635089989177
308.825250363274 249.685491836302
308.768388815057 260.126757675589
322.86586434069 251.657709365217
340.078763199261 241.996933513674
345.439918353691 238.507737578462
349.839004549188 234.740406293758
352.180349520507 232.68570807828
352.192746493072 232.65804595544
353.540310766524 216.15016585844
352.893033804351 211.674166598126
331.961943110391 234.244449344804
345.54097062928 240.063782589314
348.141320823294 241.668186672947
350.672572448136 237.30567580357
350.857483652312 237.586308580232
350.301188324905 238.241693073246
339.626175785659 251.116013411782
340.805193611435 257.615451222255
349.544053512975 269.082236612244
304.320522574491 421.389325528741
304.320522574491 421.389325528741
337.254099218997 365.748634131922
343.572810203553 355.073284420824
353.562415189669 339.18277974233
361.446740103637 325.015996871032
362.843777754359 321.521860513718
363.932523303658 320.079283286814
363.689495345766 320.712233084176
368.956983853276 320.020374836205
374.207200633954 318.982467297462
371.795039850768 320.143618176234
370.120537656209 319.895634151056
356.859242447717 320.720934173798
355.682596446692 321.497044656279
364.124050080511 323.186536020272
363.152105622589 322.950709023653
364.999942200301 322.140525756684
382.28581139453 315.195205119773
367.876743524067 318.362690392772
327.697660426473 351.171124992745
311.482068661325 367.627894623897
308.305483145943 369.930828963664
317.159372835121 362.970200328379
336.24098739329 348.801393833254
340.455617648162 346.846656504012
345.249787611091 346.170594280232
375.706876713402 390.309606186198
394.205875840481 496.213645983675
396.538565720367 511.711391170974
403.843114098837 533.878740698924
403.843114098837 533.878740698924
405.510431663767 535.74553395911
405.830310698689 536.103682903875
407.267867067566 535.732496171458
408.359669314225 534.765507270661
409.931161755816 535.636465325147
411.434185891593 536.263890681788
410.493851357696 537.031130380155
409.83279206032 536.98373164298
410.636088584936 535.413584893013
410.790210884762 535.112332963303
410.945110153232 534.809562348087
367.61959512841 542.475152169652
329.52752350767 555.686923875092
328.615082297662 555.94456655288
325.643190400206 556.870700990353
323.859710190871 557.43093907888
321.185497153812 562.029060872303
322.00121131868 564.716196122861
323.406469430046 565.487683006871
334.470484139547 565.096555136842
366.783889501216 555.71479472972
368.089307219602 555.326755782864
368.667345004849 554.928266158015
364.164438188009 554.263815193653
400.305235273692 550.532465253709
414.748322242914 549.315119320431
390.863772459861 553.517075508901
386.281228368024 554.323272388496
386.381375955172 560.95093408292
402.573249775972 572.011507783993
