388.073517555414 214.347913820362
388.073517555414 214.347913820362
399.742568329315 223.894503564765
401.981304835496 225.726040626727
403.618481694277 228.168986387843
404.365945351889 222.148073083344
404.059624324638 215.322752356047
402.029816279149 210.744637622181
402.144923626264 209.21849635778
399.264153946039 207.572249287183
365.774175237381 192.327842596363
350.473584762012 187.58682535607
309.093937307588 172.134737119144
309.513783804577 172.213022901491
263.31199775176 155.096137423446
236.171776228496 176.993756166229
235.434811515049 169.633810689036
234.769919953014 162.613831977508
233.09674062425 162.31324376926
232.614898505866 162.638163054598
237.677406711338 159.006602593404
232.892116565884 161.68892641614
251.953744604813 144.577718563696
246.785266294448 148.098048275019
256.561824738582 142.269355770445
256.721392063995 144.492447594605
254.114677119302 160.716801648864
307.405243033992 179.576818524646
359.626988378135 196.825265212796
655.462838687096 279.924728371217
912.607829536657 365.604796385414
977.753013128039 392.594842196281
997.510188018552 399.06905007219
1017.38290180627 402.752323523368
1023.99876020953 400.725965478956
1031.09126156542 409.17480545063
1031.91484125817 412.03704687223
1033.57887314912 421.139757580006
1033.9664519879 418.26930242331
1038.32861837447 409.979782184925
1028.99820336214 408.89600390356
1025.90277825403 416.809596968886
1022.39393656543 421.93648508183
1019.91674869466 423.875692355844
1019.19786328392 431.660250322447
1018.13656539997 443.087986732944
1018.20116500132 448.501694324113
1018.67528069503 448.893733249115
1018.70047533414 445.047497990152
1016.47616035837 445.225187833577
1015.92668765191 445.677071867314
1013.23558927391 447.837614204832
1012.30800339256 451.225893677269
1013.26098952814 451.83033518567
1011.0919955019 453.849036306755
1009.91997385229 455.44433272219
1009.87274578164 453.927486912271
1010.52617366363 453.394464437638
1011.26845230628 450.941491917605
1017.1218519695 460.874784249882
1016.75029730974 461.932663868366
1005.15103015747 459.817250799926
1002.91272630171 460.886316832192
1002.23685155256 463.02028484026
1003.22987622173 463.041062098684
1006.97129581487 457.557444889606
1006.75686637405 459.927891830677
1006.66560297007 461.305230329176
1005.1652592572 456.83352908523
1003.72091137965 453.241514111184
1004.83713078384 452.749087048422
1008.33015982464 446.153767485632
1008.73929005912 449.405029794531
1117.06082750541 458.984424906766
1182.92564026608 461.084623323586
1193.54169715797 459.889827817367
1203.52213033359 460.52532459144
1216.70911225369 460.435067075318
1247.87321671102 457.018024872871
1253.37675389243 455.004445745678
1257.63170278443 448.874013595105
1259.60821861471 447.075457178599
1258.71990307228 450.020690312181
1261.05970208006 445.02507166802
1265.22689525817 438.703749851838
1266.02920045148 437.417018322094
1261.18523600865 435.912941440334
1261.75243233376 433.283105730117
1261.75385932645 432.208502300711
1261.2237995096 434.768626209915
1268.61067327851 438.851744900395
1271.22679020364 437.499891624564
1264.61010015948 431.537381460689
1273.25602115445 432.652468207259
1275.29386806494 430.685420876342
1269.47212736892 428.525930903032
1287.6223888119 415.408030095613
1285.8055958117 413.462797332993
1281.03724898503 413.141216266843
1285.60640162316 416.34143776413
1266.63681546089 400.549310558719
1257.59527606378 387.375836300429
1284.30977221979 385.64027556099
1272.94284716093 385.67525336534
1278.28536777125 405.53540975643
1301.78135452655 438.581631840627
1490.74540142539 602.699285616988
1527.0929555504 667.351172068841
1530.71743700797 678.251926499288
1529.42222554173 689.541587464821
1544.76371883936 721.892019208806
1540.09421339608 751.398387141983
1546.05169178909 750.939406049045
1554.09128263343 746.164954722407
1564.63038227009 730.095329595095
1568.95682252157 724.83175897211
1571.47760490014 724.556476877591
1585.06277153217 725.399340382422
1584.2737753522 725.016310992745
1584.93133303992 727.973367379318
1579.32457562025 727.64410970703
1579.50996625637 728.468883562182
1578.15791335887 733.109745509632
1572.40862417706 733.956720800078
1571.7856893282 734.527193107232
1578.28343185363 736.721980691872
1572.61782414307 740.219274803698
1576.50648342636 744.217160466141
1577.59022574199 751.194884366542
1525.03051500826 746.288231472957
1307.21131950344 693.744549057184
1231.08179576957 678.861858059236
1221.03604175696 676.696289178948
1198.81259596502 671.233546030835
1184.35376587084 665.898724216799
1133.35957957794 685.247937551551
1132.93369332825 676.596144984261
1132.33310387736 674.332039451852
1129.63088739731 678.583657842274
1125.92146774892 689.440362610846
1131.15174647706 685.18398857474
1132.91755189716 686.429672062833
1132.97936787087 686.956096769452
1131.29067837822 689.421769697529
1129.41748399692 695.589402600244
1127.65659102258 701.204148112835
1128.21971375903 701.362296504179
1132.53320065425 700.022588369875
1073.29718947197 692.769042575361
1012.08980547483 686.108927528557
966.209783167894 684.035634057914
944.028027848048 682.789523565357
907.888248814776 680.956808587869
903.729139310448 683.859017783783
903.037446858779 684.27511030854
902.392016754268 682.72036532069
904.039455786936 683.761989404649
905.020041633673 685.193945449504
906.627854836143 688.37214839322
906.330442517579 687.47692243516
903.176553037756 689.725099004578
905.684388983153 692.000058078319
666.098212984886 643.501225928542
658.561369612638 643.470187341909
602.643861071498 640.069545148315
521.117470434876 629.904526584685
478.186883872313 623.945412071464
505.100102368076 625.557381372435
372.445400477893 614.862847644056
373.501047741647 614.181451428298
373.245764989068 612.400440469049
374.218808284144 614.352843750127
379.368547237193 607.579054161647
381.307969713452 604.045409116206
380.168233611132 606.839082335411
380.527123348406 606.321638899212
381.339010598996 603.366544278092
382.15960611434 601.706733977352
384.245166585725 605.000480480121
394.428308813772 607.829197402338
395.935028369949 608.062379216166
396.646929847664 610.939113183141
396.317148131969 614.01413792815
396.902046734855 617.592783778466
379.339028754953 616.118887845632
254.899896143063 626.311036980574
255.263625968525 628.796769850932
249.95066114255 631.524661874761
244.949620333599 632.448058557785
236.278015840814 640.557217301104
231.968303756243 647.559544843559
232.775278619227 647.638615882374
234.418715446466 647.707215830932
238.672243127295 646.333377386913
251.811966576805 640.909731137162
254.031498384958 637.157149006287
256.535480787385 634.756240114699
256.213295794421 634.991975401205
251.781098830235 636.461392596371
246.881391188746 632.039542665561
262.498288363248 460.648692089002
258.585287426866 438.380758690081
252.951241937936 324.528237319507
255.976309902389 234.89309708377
253.327642399108 191.053157703577
246.341318317621 161.269728987052
247.215334720823 162.444026893672
249.97392814905 163.938238776364
250.982090976652 161.065560982742
248.805620964928 158.598043151099
248.936123420598 158.963537218431
238.462554738522 144.862012539059
244.662632066986 148.237544312701
383.581095649064 251.538865955193
400.357762055229 261.900210819172
390.911132386892 273.611371156918
390.144023896081 279.091886884306
395.947590988477 273.246631749987
391.076477202434 285.089912406636
388.692853477507 291.290074748953
385.061611306476 296.369358636622
385.287647017965 297.913166942606
392.841545301979 306.641812139138
394.197295155944 307.741759499453
394.95012425726 308.507465038573
385.691644279727 311.869844998636
641.876303393888 293.46364155091
784.190928681661 256.912066198502
812.25228979736 249.187731531626
831.084281806063 244.659449139158
850.172935175909 239.478069667038
858.710167114665 247.896333249256
858.085036309185 241.258633680967
850.650608820168 230.503467115788
851.638275984076 230.30492535983
861.391206306661 227.90111156754
860.684101869011 234.442979659366
850.777748237023 239.378664711843
849.701439507529 247.400806413597
850.254081187382 261.147959138949
850.282965507919 258.853111681797
843.67591308617 288.752697106293
844.246962215068 292.364852645313
860.271187255013 287.139145635413
956.506616708099 284.111736430354
1120.6217972136 287.315778359921
1126.62000204724 287.431624094573
1143.38257917574 286.524945935892
1170.63717434752 288.058328151889
1183.55195537908 290.517467964134
1189.20024366925 279.419818543052
1187.46080028373 287.330873401418
1188.11307951104 233.216724355978
1186.5388120111 237.929584326236
1185.0347421474 242.552330584497
1177.43404677646 234.066190018805
1182.62046330323 252.899913226321
1186.1778785515 267.681994333943
1189.33649891288 273.192759023877
1189.39645272622 287.423593146779
1189.93663070491 286.779244084133
1190.29038628501 284.114413203022
1190.92987581305 278.505609297427
1190.80840793532 278.792281917021
1193.18336544964 278.262273932945
1197.01769095615 275.055671762607
1188.50765544803 265.186626932474
1189.50104656437 271.875747186735
1178.66360420402 287.607063224899
1145.48482212809 296.525711232253
1144.38955623301 303.507150814366
1110.0481117559 309.540509525303
1071.71055905488 314.295040565126
1024.02256692668 312.133689823958
1010.35375776045 311.440815296366
948.213190533782 313.34334460133
948.283158657318 309.811212408011
949.582539574991 288.822996254545
947.814589826967 288.418744319056
948.081822353816 285.770316050226
949.274980773377 289.210453008664
950.47254007757 288.748998830662
950.133760334754 304.037753093934
948.759905174036 304.244870554782
953.749972214223 322.066187748019
951.105583808684 321.365014035659
943.716624575396 347.708637181649
942.835563891391 349.170812056866
941.780316386514 345.651705837582
938.68794716834 338.869828953564
937.390738328928 335.35342685647
937.454638073612 331.522633580767
937.00033843063 331.607918692808
939.653820556707 340.986282165517
940.42268133853 342.914986382122
938.893682469212 344.794749749814
931.470875748956 347.746757587232
932.92013437607 345.736614935938
944.458811861307 343.944314661824
944.171647045102 343.924575676276
935.931193617188 343.02606892445
940.605978687759 335.100605408452
947.127013569732 332.24933845155
1019.45064101108 460.29379467094
986.289316110833 418.240812072526
996.500440168803 416.240510235986
1004.80350389695 417.359394126713
1006.0786631612 417.871816142808
1007.03347982732 418.396486947788
1009.03723123286 423.733903802786
1011.59762413424 431.980150374929
1011.64959491822 431.036192143264
1012.4847299773 432.094889091614
1015.16312026142 431.221480617821
1014.98986228867 432.333139662571
1020.25934436581 427.339474186429
1017.52886714999 424.036543309532
1013.00426735831 427.772607591404
996.723555588885 430.945008175355
997.952437110124 425.962681916767
1000.45165655785 426.874392228462
1001.45184134284 429.37947582834
1001.27126257846 430.360464077733
999.817685998731 432.901417922535
993.760970858976 434.16691667927
993.398417150077 437.311812669039
994.005230588132 435.921769955312
993.593977444271 435.420306899003
993.484564756129 435.30924005461
993.685717029074 438.259139859084
994.080228451733 427.626943266892
994.279341119098 424.480013432944
995.941771486255 444.461389090052
996.128982500573 444.988639351256
995.14539584717 441.860618741447
994.686712962593 439.930980299759
965.85197233716 440.538597015825
928.47380981506 439.83093826114
910.568533046472 438.174287397355
898.373312820792 428.02888725167
891.746942098204 426.492728959682
898.463484646125 429.376907647034
899.167876157862 425.842078627212
898.578776847999 425.376423751561
898.445284955046 425.197794200633
898.938090401934 425.971996494444
898.88474001347 429.057942514665
896.136662355397 429.015091996399
889.863151571868 423.20619121006
893.321172648305 427.139125495105
894.813592751322 429.346989143273
892.623684704214 429.806656234632
893.613011481556 432.498652529417
895.698777855672 438.093226429763
898.797363576697 444.873258713359
898.735197169501 444.552905014066
897.993601118561 437.985901822967
895.96010003499 433.815308670175
895.645360403549 433.507370224703
895.636358709486 433.37997816406
892.604228118229 434.058019104657
893.562392234396 434.802179642972
893.882678000365 434.916665795016
894.374940579374 435.680969671869
894.707064155938 435.823212706422
895.745957770159 435.418952984643
896.626780857987 434.686686089469
895.517792655593 430.497499539663
896.699332254361 430.121093885707
893.060785097795 431.005255578465
886.401976892006 438.922846328154
884.934513391546 435.037003791697
745.449587690845 439.243903069778
776.326564206155 439.796946140301
649.25592789242 458.972122935324
516.354256192621 470.066230080997
481.277094517706 472.632190499919
457.790685086471 479.304311021939
427.289291220069 481.790643066496
422.331336636092 478.196777365876
421.429334153784 493.024482316392
422.562725259748 486.086413112059
419.739363312671 484.866107512457
421.175925353772 485.057641905875
422.679497021472 484.672945902829
421.495993312798 485.261776436484
421.097615836413 486.206980455992
420.256515945355 487.619868041283
419.20544177605 489.396330327595
420.860957954406 489.547867042433
424.189508108247 494.94712297491
426.552390036119 495.915451081923
433.23277465811 481.698538323407
430.449704756216 487.763503340482
424.70072601276 480.851234607757
426.003126633421 481.81718455116
425.672090065201 484.260413559071
426.159924272395 488.471245475995
426.86704665258 494.555919871534
428.063371641334 494.625333670033
428.706019213926 494.813294017226
429.210292451697 497.68113776648
429.274714210437 496.747145530357
429.216049234855 509.729076432922
437.014488306045 513.944156492371
496.728006404213 542.369766212549
675.129536676541 737.332035793139
738.537485560101 793.298008402249
749.490089576485 802.118331250893
809.168783478838 865.652671753248
817.100769194479 872.408684310989
840.568513203147 887.586491848494
843.011933153318 888.676117770503
847.924134553546 890.070180042196
847.282108893501 890.904509732966
847.581573463942 888.620631626521
846.9747971165 889.852669749869
847.888279384508 888.254191310702
846.592019181784 887.065437578288
833.591460442548 885.151759996859
833.917414670626 886.703856226179
836.525785191108 886.128519503542
871.304831342325 881.320391881205
1004.46486837725 861.751423909619
1049.63602824324 851.706108176781
1095.46997968958 843.090869122105
1135.50593844178 836.253146475519
1176.48543460126 827.340047220248
1181.19069668034 824.122848028671
1182.09407042596 824.256233496733
1183.54690092327 823.64378586441
1189.84208899131 825.417571866861
1192.98253772746 826.087758620798
1191.19188703177 824.885001459072
1190.29350874607 824.893483189001
1187.71978053582 825.529653986252
1272.85763545035 781.400773102234
1313.76703075664 759.032646028744
1324.22351151312 749.893700949223
1342.83690914171 738.732334737124
1353.5023209921 732.745235590719
1393.39685277578 705.218111731653
1422.74939676758 686.868401818734
1417.61842028041 692.432711916798
1440.83152092779 683.445370289466
1435.53595057876 680.596017053165
1432.28762264856 681.414982582227
1439.93340456595 680.378566924373
1457.56574739157 679.075041382388
1530.57458707748 660.7300812352
1875.23529336148 618.584840110308
1904.04552506189 614.302011672288
1934.98670410213 609.703833159218
1974.09836714551 602.352012239646
1990.16974633436 596.237444157009
2006.10115320096 592.838218929867
2004.77000420365 591.657119818256
1996.06164565962 593.31077242575
1984.8155018202 588.09719384551
1984.57432840918 589.809832602641
1982.23846939847 591.314056307046
1983.41493714408 600.130144810908
1968.31369279187 618.605416816162
1963.33877788545 626.995980848359
1966.82128445505 632.456974018651
1971.4083167726 629.973008666551
1969.64177790391 633.191795089308
1969.1251156396 633.314196391206
1425.33352703939 550.475609248801
1248.77687317829 523.555392670246
914.959594972261 500.378286148367
849.167768626261 499.291425794479
849.160401560115 501.534295356724
647.995631677788 490.552146082094
546.548270847761 496.796831884909
529.444079688171 508.081338413231
529.235238995448 522.738222696261
527.346263103827 516.062451256443
526.868770460439 517.419159195791
524.318847646652 530.083400353976
522.82316259033 531.112402584563
511.117022962207 538.932312078629
448.463630843878 555.231900376935
405.871548203833 565.3206975149
389.451756799749 572.118718490985
366.215137823016 579.516625270434
359.348397128261 575.676248238063
360.741076049284 578.574866732838
363.616377647186 580.031633812085
363.566869419943 581.566658934863
369.298491204354 579.320154555819
373.693698421555 578.956885593205
376.945318146289 579.683043046219
378.767486474465 580.886563221361
378.593457846764 583.677018514788
379.905180512317 584.128798344811
379.696522114943 583.573869308502
379.430184608831 587.643111412691
379.357690245039 587.616010989166
383.553842721614 595.838705949743
383.176023154432 595.432605625049
383.688765389265 594.719687563465
387.471996136587 591.9761051764
389.465272310509 589.075603997943
391.409648966719 581.303921364709
387.848940720505 582.62360300385
384.733811234764 581.025229145682
383.964962385025 580.942369151366
380.407094496831 587.174537733069
377.079474426657 590.019579512708
376.753948877711 588.005372498482
374.048083140888 593.16802868962
372.343502730043 591.840109114517
371.993963120458 586.643066922415
372.936639715094 585.690721720767
373.179848877426 586.915651917887
375.434927726917 587.86304305687
395.934078625124 597.771276322316
902.004734114756 663.886207693121
961.862818711601 670.391551381373
1031.27848480255 679.848331846453
1083.48841798069 685.858180042154
1126.33054971363 689.474906989565
1172.93190337938 693.108201171607
1212.25581991985 697.43780458243
1222.66895505321 690.883980027757
1223.22465585703 687.976628355459
1222.63754434796 687.615491109073
1223.53072855341 686.716393352061
1223.00408317122 685.978625629744
1219.52369831327 682.277359215176
1219.71317388786 678.506877450254
1226.79810225711 693.105293407328
1228.20390702869 693.370582656499
1227.59501221443 690.083621956903
1231.30185912674 691.030124310758
1232.86174339358 693.982848721333
1229.39289730254 689.260067947175
1225.27318707672 684.967431755231
1219.8528724362 686.668411617194
1221.98803363001 691.205227619795
1224.94966223241 692.192472969381
1224.9710647309 691.953560544011
1228.19201200669 688.078010241582
1225.50232285811 684.02282415227
1224.69695991698 683.264821474575
1231.49143238148 682.638704504826
1285.34996220192 690.075889800135
1316.59809952278 697.134441713723
1352.9381385462 706.134176276229
1376.35910143726 711.754835095633
1420.84923759139 719.058171392536
1470.95464213784 708.110962658904
1469.65374031028 725.201096198669
1472.71834326073 724.428899410556
1472.87112377613 715.463468242528
1480.63412466792 710.80014510842
1489.68124962834 697.135157002201
1493.54320217773 693.261013740282
1500.86595097107 697.866301416001
1499.58819977793 699.872718676885
1494.25601689572 697.903108672641
1494.24030862283 694.638064181949
1493.15970403367 693.388005511837
1493.92561737297 697.99484195824
1492.22271732478 702.340364097088
1494.78279377173 701.467275732427
1471.16740939469 720.502734730877
1491.63675163305 723.078063026437
1680.11266517783 759.024010323161
1672.30867026549 758.56950639735
1669.09510449758 758.067757929206
1709.47141184472 769.195989227076
1703.23611962174 772.826867703794
1703.32057088853 767.506352756753
1705.04467041434 754.205857437447
1705.17807355956 744.616521167911
1723.71029434409 726.440969657443
1757.58363485351 681.149878614621
1766.12379342718 677.002521541971
1781.22882767612 673.345091899949
1767.03545448152 680.912253347433
1742.28167988786 709.801904748166
1696.80811587484 747.779875944906
1654.39828675099 770.921602651685
1626.44088110121 763.306113853216
1561.53596044278 757.329127541527
1522.01837647098 735.428315478589
1516.50328937074 734.457012528633
1482.82436040531 729.687398947963
1474.02918815701 733.007403246373
1474.1898542431 730.90380853666
1489.97563907289 720.935307584031
1491.92790176708 723.106265061175
1488.89069278077 719.997941128156
1488.45253189184 715.778732295003
1460.01043383035 714.12407067777
1403.38285606989 714.395048718927
1351.60707299539 720.512934196538
1320.71645601772 720.19019666311
1279.18555295209 723.496803103376
1113.30547375934 741.797724090164
1114.59876197391 746.092965150986
1117.05810881194 752.329957922012
1114.39370284295 752.85123823565
1113.71119566097 754.117540492265
1115.83159385517 754.887678810635
1116.86442640723 755.125030923821
1115.84226091974 755.117648087347
1115.71994668624 755.054896913304
1111.5314344051 753.380419605773
1110.8063112333 753.647280635727
1108.21399153608 760.605992778504
1107.25681050165 765.814518443489
1106.899172299 767.412684381172
1106.68152288964 768.09133863102
1098.50815115147 785.615539041437
1096.35242772777 788.904472150424
1095.71024744899 790.050629918175
1090.64487431038 789.424917274134
1085.0703630833 789.496734106095
1084.70392707401 789.257840777637
1083.96623109448 788.325997216324
1084.53774186102 790.609257856528
1084.07409145736 791.214663957052
1082.29585718882 792.259517676898
1085.26283258864 795.078210864507
1087.25966212956 797.336389117641
1086.41100513367 800.124271808835
1084.44542481938 799.965280251776
1081.2215047709 801.113988147534
1080.1506361207 801.50200010652
1077.34622906891 801.652806972368
1075.56648674612 801.866726643975
1070.97364880048 802.373095299483
1075.07771112611 802.625151443498
1081.5793125314 799.172180236977
1082.1111646216 799.123967155117
1081.66998667769 801.335768796634
1082.30467203888 801.363078274443
1082.05535036894 800.977677373958
1072.50461452125 781.886697910554
823.090402713119 734.331653437738
794.376159679147 731.632180456803
676.795452944765 714.192251263452
590.15648037735 702.672602293418
501.3585650242 691.635088881239
541.594709593358 695.276186115301
443.409508225733 682.316544458841
442.180559071151 676.481700841073
441.674422450109 678.418071906968
442.384551522846 678.694816434768
442.338050547994 678.684790698157
443.794581774029 683.966395031157
443.404788052888 685.2267245666
443.55583257021 685.900977464744
312.184274224422 709.428094914907
271.47862412142 718.657141373155
250.162232832065 725.217934495826
237.137887921808 731.841546865628
226.871409765316 738.912042297377
226.956564728259 737.692493528629
244.063241522659 741.934011106522
243.287317475536 745.093016233185
241.968062325987 747.693847063401
243.886569818672 751.680465850426
250.402678225327 750.008700496348
247.25121682827 753.40832696408
247.207495401335 755.093515714715
250.20696573804 754.303444674381
250.184091996708 755.014256630164
248.021510914203 755.512449797733
351.688106223538 732.566731076711
405.692734419666 723.386765765506
726.55825083694 693.126101040616
946.77826821117 674.485603207312
1018.73914851482 667.745710245614
1036.96429366997 667.583353079325
1058.01486448189 666.57289191402
1046.10298165415 666.64419136175
1059.33596040793 665.357822558942
1058.3716691575 663.567073528802
1057.42891754408 661.913116980967
1055.93646410245 660.800200492702
1050.4003963016 660.062218389367
1054.60715261709 654.117299877445
1054.69321732825 653.887192356037
1056.76685095612 649.788229004039
1067.23487599564 647.086065165366
1069.2735682751 649.865950716665
1065.30949694286 654.649547774547
1059.57189448747 656.418956290104
1058.85088324278 656.162728370857
1062.22806027236 652.094890351412
1063.12346690807 640.381545112578
1058.83316758835 648.966901490839
1068.0178452568 643.125694957144
1137.99855789935 642.157968506737
1218.56737532796 614.255870283306
1605.65692947282 483.990710232746
1631.17125877156 471.339903095262
1665.63041410908 454.943949587443
1676.51428081782 451.778411807501
1683.91196926739 431.994674299294
1701.86514019826 424.040360516307
1704.45513554114 422.794251035709
1704.66406798553 420.449209658376
1706.27517270073 425.754400197489
1705.01932095702 426.58073115525
1696.0386282887 429.525541920964
1669.02472218911 435.146400435852
1752.88208773137 272.926633076313
1795.96995505605 180.057083245515
1803.4845921407 163.473459912639
1810.83646039964 145.20068088339
1830.76092639857 103.532575032862
1829.25151920471 95.8542285215304
1828.38483024764 95.3945505134658
1828.84580050047 94.972681508277
1832.280501265 90.788464403662
1846.58446072907 85.8318070973052
1857.72948511382 81.7633975213069
1863.36764599121 79.6162347568375
1866.23203910323 77.6003610690896
1860.68644531187 75.388035231853
1867.61031457937 76.7610928467803
1867.4425389129 76.4128366890107
1866.22327122245 73.7440574748813
1874.30986422792 63.3033187295884
1875.66198038609 54.4709430824448
1868.49264840874 48.5576407441521
1851.22533007818 10.8488886250438
1849.41225029004 3.05412589043318
1844.29922887753 -19.5739000418519
1840.57893799421 -31.4528515789106
1839.99876492826 -36.6208400388439
1842.43832704993 -27.842291117513
1839.08336545132 -34.6270806021803
1839.20550608269 -34.5600269062366
1840.20056257929 -24.541796331024
1839.18514318533 -26.7861234102603
1832.3799440885 -14.1295678284556
1729.17834837685 22.7021592824819
1298.51191869613 -1.85483617227821
1165.46115553632 -8.88042575223537
965.561447309513 -21.1503791733599
972.176399513201 -9.96305023571403
966.668381194115 -13.1608250749588
968.452858524482 -11.4671017181859
975.183653107016 -4.16347122879048
975.319905559374 -2.50232817683251
982.45430899215 -0.736590391028731
980.387246739778 -3.20707846291095
981.20962635431 -2.47730837598131
980.301098500531 -5.60500253996571
979.905658659693 -8.21495584914777
980.888670902817 -8.93395420317704
980.279733973833 -9.95542581607455
987.078682208475 -16.511503183628
984.506100771838 -14.701797411651
972.404419972742 -0.746135881227401
971.880167972114 2.57213962672313
980.27187765697 4.80163746842257
980.192098485099 7.01839683790171
982.142142646407 8.15093026005686
988.77609025862 9.89055220210293
1107.2680026478 11.6158978540487
1148.92910782987 11.9158243712603
1197.77062462962 5.00973825206524
1216.28695593864 1.81331796382488
1226.90384103785 9.29345549936751
1228.26652980088 6.70454143687469
1221.9471608854 3.26323210915113
1221.52709166903 2.97513251286235
1220.9526778412 2.60422114651018
1224.36542129769 1.94151836423498
1223.14040691691 2.26631798813192
1223.78638476094 5.07578380343899
1229.78738794228 6.67261920707
1219.86322280043 3.50934364470862
1187.41715662722 -5.63927096767807
1175.14946226843 -10.8078413134092
1120.69244997773 -34.1066597066301
1118.65372188057 -35.480085548799
1099.38629677688 -42.0517678753033
1096.9770387776 -45.593891567407
1097.28106502606 -47.2196537538572
1096.79608434914 -47.4177472212583
1112.43591215558 -59.9888589178974
1106.8353070747 -53.0275359946188
1101.17165918364 -49.688879698153
1093.23483165288 -47.4703247429098
1090.45457949133 -47.5405322875989
1075.74568138007 -55.9460135725393
1069.19807497887 -62.6988336409255
1069.62794125663 -62.8797525401929
1062.28211921862 -63.5513583015206
1063.09348924466 -60.3443048558078
1063.84015688802 -60.0240727060537
1062.55654161155 -60.3184901619096
1063.08243061371 -55.8886808600141
1056.20757368471 -50.6999639418018
1062.90421340779 -41.1680339903814
1115.07138148854 -15.4947926014709
1295.17894593535 51.2201219187364
1311.7157765259 62.873950323614
1857.37328883447 590.969641011823
1835.6299225449 567.273340961057
1930.69981682302 674.755363743565
1925.4448710178 699.028961699996
1930.15431371413 710.328703849428
1919.21467618397 706.170012682188
1913.86842474937 711.490378805768
1913.73018311095 714.628511020695
1913.3685709897 715.263823944704
1904.34882795624 714.209195373587
1903.31688131589 714.584115111891
1898.42324042894 717.277476449949
1898.46937540422 720.336271730815
1897.06963710398 725.457029573875
1895.66669716999 725.954215769794
1895.7759962483 729.351416653927
1895.73046746284 729.654409348098
1894.66503919964 733.050475600704
1886.72685488603 734.248831285424
1867.86842209036 734.017852464399
1858.97791983225 734.45689016683
1858.76428960174 732.583964284682
1858.19523001954 726.632828411283
1861.16177464126 726.08391348816
1863.77762825171 726.600200402278
1865.91551920307 726.845785725053
1867.31137950159 727.604313385273
1866.33243488456 727.576472521494
1858.19841833672 737.421774350195
1853.78235160602 735.80092537973
1850.25393354802 738.375176415948
1853.01164525419 740.097290169392
1858.8457303888 747.223272484131
1859.90743110199 744.602329402166
1861.07983067621 742.374323543744
1865.30038078179 742.557259069378
1860.76739383897 742.037220266609
1860.44661268289 739.545250497683
1779.51229010552 735.877629745346
1696.51619835995 734.478958039119
1156.21432828115 699.154166288277
1132.05392232465 696.732821327037
1113.81423703883 695.003178595155
949.252093574704 683.029866145171
923.02603735016 677.580034802331
917.619171210915 675.016948964615
912.257128177792 665.1653695281
912.679252314173 671.366799650198
910.432462408043 670.050924545975
910.94980759033 669.628607633069
910.679073067809 667.940664069655
913.470123320166 669.456307689788
912.9823650064 669.159113594441
903.328395296104 663.862618379339
902.014062142919 664.094623701841
903.523013188235 666.501916645674
907.774797305002 664.758482740329
908.687806209288 664.77938290215
906.467352163405 666.308117601823
908.201340224743 666.437259602078
908.338990782074 664.178291878365
909.147423304133 664.30172342226
907.1479349468 660.739316401071
905.293064185046 658.018823768785
905.506562697744 658.453838497959
908.680816948296 663.268155987021
911.233946170018 669.040392404605
877.144791715099 674.185916353379
881.54906758291 673.357305345189
653.173813828897 677.035989859939
522.042542752957 676.173299140986
450.987554391479 674.129058451694
436.017528399062 674.471059825635
400.378310738589 676.671675195866
399.100964827967 679.166963585908
397.966212786162 680.338983611084
398.198798485568 680.564968313874
407.859031226464 673.987698087452
408.107230214639 674.205353400294
415.71230800842 673.673437938222
414.428951602303 674.334881178665
416.390672283735 673.893497159829
416.640818473636 678.174291296167
416.281150217701 681.535420169724
417.413566587151 684.654081983024
415.92249430282 690.599298894085
415.687017339301 690.317940170862
417.657184931223 684.163363207223
420.161144847781 684.692101639657
419.283116851717 683.668723762264
418.831458959595 683.825178203298
419.965625567008 683.751345495245
418.857628409295 684.828801678684
418.981452460841 686.417211782693
421.227695060265 687.392899809842
421.308212341353 687.306666948926
419.334661133586 686.782267876245
415.205617378735 686.174888788166
412.199278489185 689.482372322362
413.966233107118 690.750668044756
415.011081334833 688.252059651395
413.895288798999 686.531920192858
414.677112114935 686.677398079726
414.951603300717 687.049633940362
408.136738684092 681.173077052302
407.995603989031 680.859971883266
409.946433508077 684.323878078045
414.85475260041 684.082680202598
414.427229972945 683.679216856058
416.378087768786 681.421435085037
417.759404408526 681.261781526069
417.392737326321 681.21228192988
408.197367130698 683.681051929518
408.459200429141 685.424353808239
408.013459691399 685.855203936861
407.774798514595 685.975630265347
411.395979862519 689.974445481467
416.62515165123 691.240581940403
427.567906913038 690.61505326818
428.879038712161 689.649073295613
431.814252184098 687.328747576947
432.3536347374 685.995139433638
432.408341032541 685.837121151729
424.906758052636 690.686399831532
423.565009667275 691.375487784959
423.108258487583 690.592237653953
421.89423667606 689.644629195988
419.441269410276 689.447550838279
419.513016905454 687.424165850487
420.539298238244 686.415469475957
422.351600252006 684.938262162524
422.266095553777 684.354646116096
421.726412076142 684.248060997131
595.868177817714 693.620083877599
590.966991890288 693.205811520589
760.795352411771 703.949592878405
891.631465287049 706.174284515022
968.151968514254 708.167964219501
975.008479609787 710.354391269127
1074.11086868177 719.107919607032
1076.98217556463 721.262154655745
1077.09718895684 719.301168334858
1085.71082662631 704.894899937938
1085.72905068074 705.049846864578
1090.96739089749 706.625232975875
1094.54228781721 711.941239508881
1094.16929074335 719.276816700752
1094.47014084228 720.956284673264
1092.85756015769 719.944044464228
1092.4488594102 718.3772338169
1087.64647921318 718.576181605283
1085.78153382442 720.970581155333
1085.6049926798 719.49658341365
1083.46877965002 718.797071880271
1082.22360845621 720.742277903116
1082.11577971159 721.049723145042
1081.79997268885 721.767928893972
1082.25654264092 721.22626142465
1083.13677082545 721.069629814545
1092.2883956509 721.388369474161
1093.78252608534 721.128288503252
1092.92628092363 725.256610446704
1092.88580006909 725.554883340329
1091.13391519865 726.002207690777
1086.32549782586 729.987256701898
1083.96476943725 731.435827920208
1084.06297946172 731.346529796515
1088.24161136927 721.947291763501
1088.44454674117 721.105314175106
1090.29359806161 721.12357797319
1091.95403140834 719.179907363545
1092.05923140255 715.647118142192
1091.99318118168 715.211512355182
1092.31027299497 717.500826258208
1090.10966651792 716.938721544553
1089.48378253229 719.310483197858
1089.96099361144 721.271381037231
1090.0547458462 719.252169393134
1089.94074561785 721.102350510283
1087.55087849835 719.800498545467
1089.00640767782 709.023369536602
1089.1365879779 708.806703553704
1092.28539899065 715.564370018176
1093.65663363598 717.027242671078
1094.02973377408 717.456313577331
1092.35440046148 715.187027614068
1093.49814986354 715.732574185712
1105.78191701664 711.440021569338
1103.75803705394 712.488684317335
1093.76831775045 715.545645042209
1087.02599601867 711.947008993415
1090.1464584688 712.503769819181
1087.36985959314 712.445099747702
1087.01044190651 714.024427744868
1090.80489257644 716.873546376674
1094.31123689265 718.527102403466
1091.37242804089 723.322589519378
1093.07966037278 722.402329752209
1089.92225157291 722.283354134728
1086.25853812683 722.838070974679
1070.01562723412 712.955057762536
952.235508417181 654.827622261621
840.875426834664 599.830242354953
789.201314378464 580.284391259821
727.140306516424 556.377329703876
687.561122576318 540.373197899153
640.221662572899 522.450715279413
507.694388790152 472.231605046383
504.531746867349 467.58544349117
503.11060444507 465.469014932387
503.001466632478 465.549832350246
495.548225173267 455.657415739632
494.072777678298 454.835445935112
493.787799394584 456.747169072874
493.625344366641 457.699506945329
493.591156331391 472.307723617278
493.777759405081 479.15361129599
494.819034208894 476.589044145792
501.477123884835 468.539808688521
502.663573415237 467.5645808231
499.767228337681 470.475256893996
499.75600613846 470.650359805001
498.605023266815 476.914003833902
498.351025888852 478.800346775159
494.744413449687 482.861329488566
494.709020574658 479.685563663711
497.146279282873 482.163345559336
496.69188286982 484.111556149578
495.822227205988 490.986333250273
494.294837815809 492.648384418501
431.072004451308 557.697266038328
436.376612463663 536.714502657333
438.647880711637 521.901547466431
438.086918639211 525.814871325214
436.847010560892 519.996934599235
435.781618631212 513.918058263328
436.736840214415 521.345046365589
436.053939229135 516.377719238781
436.869121243247 517.217917464646
450.19318801685 496.983684749533
453.809218932724 495.477763304976
454.222229638104 495.296861599219
450.84948612031 493.762264252232
445.902630867355 499.839884551408
450.622598781506 499.952080075811
451.293147470383 498.341939366332
449.109471593121 498.052320165281
446.753968785585 497.072609761795
445.061065854114 499.483961487435
445.189193314785 496.589231587804
433.448287255331 494.292542809465
412.326900202824 491.893781388883
407.596004336498 500.979401622286
404.810800622009 502.268345899486
407.034869792554 506.029338690524
407.489229448657 506.404692215327
400.499040350176 502.110079443532
402.839262643999 505.490644252774
402.117757834742 505.515405095553
401.476883933624 511.91973142298
400.036190426621 508.978752367691
401.755872709339 507.847201415494
406.716610851761 511.881050405131
409.200629924834 510.751738894784
417.501158405188 509.35749639693
417.842850358623 515.655789000923
416.315684653238 512.070685552257
415.063714203277 512.381573165568
413.06553089465 512.742879194894
412.452234089388 513.172703898482
403.918488411932 510.088285097485
403.341967617026 506.605045155725
406.841526913563 504.032758917908
407.691278398579 500.579781286649
407.572674578877 501.583311058272
405.635063252675 502.029816298675
407.388761242242 510.817255379385
720.489544764124 544.150829885195
752.635991527264 549.404589793141
925.35066211949 586.2598335782
941.552292193782 590.543451508782
963.573601878918 595.603096710098
975.284356714994 600.431529676273
1035.25129253713 620.940344701309
1036.34713886818 622.973595337527
1036.10108949991 623.421877313585
1036.76489600928 621.158944738866
1038.70396454601 619.31323239617
1039.90249208969 618.159044459429
1041.87765777916 614.835467861431
1037.26207893789 613.719920195556
1036.43958033921 613.375830148073
1037.48545639352 613.148420518033
1036.31479592122 610.634752478859
1036.46063328467 610.52483652681
1039.65508627519 612.569733660593
1046.99038124651 616.835161007047
1046.14663072407 618.216076465362
1046.71804462807 616.324603337037
1047.52400322954 615.359412736672
1043.62300421065 610.266200965397
1043.42441948367 610.698883481955
1040.66635575721 608.676744503645
1037.62047552999 609.613751928231
1036.65298581931 610.739827003585
1034.78616714155 613.568107991054
1027.32012818626 613.175893562409
1024.98131656994 612.945165789809
1027.03880708491 614.091071515073
1030.47954201799 617.585875722883
1035.84329044183 617.895653396115
1037.52631341593 617.381152186413
1044.03863245557 620.403606548895
1043.54856668179 621.304943087767
1042.72951939996 622.926051527411
1044.64374796786 625.029520712522
1045.29714636447 627.123002995465
1042.07980553371 628.881164681479
1042.42011792153 628.807427754067
1039.74705251102 614.09487798427
1038.18785259155 605.713434095373
1037.39485392364 607.035068979706
1037.05598129906 607.951635018644
1036.93349167785 608.492975821367
1036.38290021645 603.496473392219
1036.39320233369 606.553619393757
1036.70740195684 607.197426250971
1037.68639523102 608.348932268491
1040.74307202263 610.439463266053
1041.24705626121 610.753886861519
1044.14335583979 608.578377081321
1046.02544046586 609.941473098179
1042.53544455747 612.082195856566
1043.35776483882 609.450268353802
1043.96213351182 605.641273462482
1041.80872408031 600.686097047203
1035.31462168248 599.725284242866
1034.85496969224 604.531312245046
1035.84586883053 606.82149882864
1036.72728430301 604.230094763654
1041.81661285947 614.158877698792
1043.78545628147 616.96487286285
1042.34374449737 618.661010131253
1040.39402101558 619.188320394772
1036.02390937131 619.027197359546
1032.33954953768 622.074095674099
1034.98203075935 621.248669610223
1032.58895376688 620.649964318767
1031.10188783071 616.670266911803
1030.35087830772 614.851676579224
1014.15350581178 611.088206352266
1004.07521261037 610.656220661039
994.22416794333 610.728840593295
979.941308321678 609.646183989048
974.003471303325 608.862083648263
951.867442632643 609.925613559294
952.284888962096 612.652693689861
952.122316818224 613.667672229181
953.406552863206 616.079010424711
951.511932168486 619.069329393641
950.700843284428 617.659239658138
952.04379588337 617.865931343996
953.063315601232 620.006602903913
951.756819488447 618.458311166745
947.602280471567 613.53912734354
946.897906351791 612.478416975748
946.626692984416 613.60126216237
947.200566603143 624.331605765915
946.966739755387 623.897817505754
945.618962420239 622.980450468932
945.31155845947 620.623509780296
947.959877546082 621.420216729138
