15/12/2019 17:32:40
391.541543698404 314.516377045579
393.869276670891 314.311839306503
393.149819177695 315.719078656293
392.449757791144 323.195263289978
391.864726257974 323.173298099453
391.525788656044 327.31652316751
392.174211813892 329.835643359378
400.326259990855 330.686569578835
423.88707117111 338.167325555878
669.750223876455 405.927120404862
931.041242610732 484.176058066464
1001.08718045068 518.674187620159
1048.07715505093 538.934396412297
1082.58151611401 557.003235179334
1092.71156716731 561.035175304739
1089.99599926443 568.89229262705
1089.69243856445 566.22134899594
1092.56951747634 568.926142133246
1099.62350154598 569.551431193083
1104.22568980594 566.663863209899
1102.40980378883 569.783108901727
1093.09783104251 564.431106653459
1088.59409747173 561.652591481443
1091.56739954145 561.975784554951
1090.06263791185 556.496667716051
1097.06049754736 551.48622729187
1095.65456534219 552.720303804347
1093.74478061107 554.137201476276
1097.58947762058 550.224298454423
1100.83170024651 550.391915136298
1105.76151347464 553.58724806452
1107.33753551151 553.483430682268
1108.64782523561 560.25676627009
1150.82166441395 559.542862485584
1264.48535678914 561.226224939335
1293.70981900296 557.577367998105
1317.39927891132 555.626616104375
1341.40313063617 553.703484953443
1445.45768314234 542.114833412014
1567.38742607849 525.166819522874
1569.90922153964 522.427104294012
1567.78452432478 522.133679125037
1566.36239852713 517.349804180046
1565.23849222415 518.208953535767
1566.16587217896 517.856207085894
1568.13012511434 519.406758114098
1569.84759539337 519.026594821571
1573.71781571502 517.821936058411
1592.00017233973 512.77821499071
1583.6650850136 515.364604034168
1576.57735250149 510.004982780716
1576.58127814521 509.197833519017
1599.10133471523 511.516589479881
1595.62731563908 509.83993528716
1586.89903319176 509.343805728686
1589.48291811874 505.541142098012
1599.77509354408 507.404608669413
1603.19742475896 510.213311726042
1591.95195578867 510.23043830926
1558.41231218372 540.129148795583
1385.650234398 601.156321623787
1362.00804664599 611.115996432601
1353.03329655008 615.968989133135
1351.17909251201 616.194696754837
1240.46486131059 648.0113535899
1239.80663693693 655.847114954368
1244.92707465606 656.152512907958
1244.1794209541 657.928334316116
1244.49139514536 658.849272972365
1250.69726011298 662.775241496927
1247.42571414223 661.688004484049
1233.88950294511 653.036245625733
1241.03008561272 652.232821038549
1228.93115885371 651.833728789316
1171.24835904355 567.755736412157
1139.17900817659 504.28137312485
1095.96294458117 443.911968943678
1092.49678603377 437.535038209373
1090.64860302608 430.502532666085
1083.00452930761 416.600448109735
1080.30344664752 405.069769145543
1092.48373486066 402.375556686441
1085.39395152729 404.19262848918
1088.73219573127 402.514318113482
1082.8637201934 399.419643773013
1081.57287202372 390.340127602359
1080.68538888947 387.43133488155
1076.71068375696 378.918383170633
1077.81725013911 369.718218843958
1072.02448971841 370.013978533583
1071.57757430012 365.048435772308
1073.04844281649 353.831237595585
1072.64962825028 357.848879193067
1073.22915431529 358.944432104317
1074.92589847363 357.284045033437
1074.41570051253 359.555116107768
1074.20917972172 359.606028596147
1075.35199388326 359.861291544535
1074.56108104587 361.723837516763
1057.56476886026 347.277149260109
1054.7396664659 347.539330727767
1056.18291515158 356.250812828666
1056.02840412509 357.196555792313
1059.61656568869 359.552291777634
1061.21847668336 366.52447284977
1060.73518789921 364.57044612704
1059.51684371024 367.539509547225
1059.68751272971 373.202371691119
1057.44222401799 372.45175339748
1056.79008454445 373.088403881089
1057.40480353448 373.385382940929
1059.06831464117 377.10261370874
1059.93637452455 377.905849303274
1061.3835717282 375.8452343872
1063.4721035787 375.706042504399
1061.00325131205 375.828360259525
1060.45404781667 378.017172426303
1038.810805854 364.802000754108
1035.51213472335 366.241368568678
1035.34122005946 367.629387187793
1042.90872215114 372.360575526531
1047.9456189551 373.564585080403
1055.71959470396 373.265099531918
1056.95168202498 373.985391158758
1055.81852720461 376.474079818132
1056.9803787233 382.654706637024
1058.76865063962 383.436397807381
1064.50724945854 403.77175226151
1138.80785680312 480.376651949445
1045.71978025736 403.935934685367
1045.34955659481 402.562149926537
1022.83441843915 378.765484023599
1025.77427811298 377.208077760661
1034.10164482694 376.539780803801
1041.1084464524 376.047130000906
1044.11727471697 380.745859150762
1044.27128630505 379.285930303441
1041.77748925438 377.752144354479
1035.35566659208 376.785377365258
1034.90422294896 375.292508358252
1035.57553649868 368.683973827417
1034.77749119703 368.752389958963
1041.11984997577 365.777219892276
1041.40245620975 366.004638374584
1042.83836654177 366.278964008659
1037.10083182328 371.470921142327
1033.59712480876 374.439932775475
1033.45992919838 376.950892140575
1036.70997630848 376.611245134294
1034.23504592927 376.906285162186
1305.91699090776 731.212946934735
1309.31936742171 738.323054517547
1312.0825050258 743.299024066433
1315.06891812939 745.626795495435
1315.09735763096 745.122524971858
1313.93414545396 760.986226347633
1317.89759065375 755.008267406093
1317.94194564342 765.670748558482
1318.00081856689 768.578942328132
1315.68386169625 770.899021592966
1305.46537617211 770.025313807522
1312.35693240863 772.637791203003
1311.07506461385 772.037318627736
1314.77261819254 760.407848293816
1315.94555517876 758.160559054181
1317.01103103291 756.421685244063
1322.30511708784 751.813661606243
1313.88879248266 744.787589948068
1219.23533886571 617.341272778466
1058.36606366866 406.169183063303
1048.18291695318 391.713179274268
1043.42133789536 381.710266887885
1029.23512455779 360.263020434662
1026.3601127446 358.883446298043
1017.98070367078 348.153343227518
1017.22561877273 350.697506055736
1015.84805382519 353.261218317751
1022.55480071156 354.165366700752
1022.70481492374 353.865631954409
1016.02129590974 343.000868799581
1013.94392499986 388.491182810102
950.932622314683 572.245684713571
906.163718063127 693.367153987068
887.118854223031 742.941029285985
876.387689284933 773.943082519521
853.024688033355 833.142419077133
888.262574423721 839.59969266823
887.187379568418 839.509856046285
894.626280976822 843.312231568655
1237.7357954351 942.018112537734
1851.00231757524 1120.65211364679
1860.30520875461 1123.81120324127
1877.50120008083 1128.46802026202
1882.01972995384 1128.41179623998
1916.89200824487 1133.609134678
1925.75356385281 1132.27516621071
1936.32460694718 1130.30678500451
1938.88374595944 1135.53233313147
1938.70993726359 1133.6478363032
1901.85506421685 1119.87604198163
1887.24214711085 1120.92701741252
1868.21170372746 1115.51637281721
734.659770822331 1006.39488541326
301.286124295966 413.048201807388
301.286124295966 413.048201807388
301.15695195574 409.80808988705
301.132169919973 409.186466330797
301.090450447466 408.13999028228
305.956735971728 420.54053827841
320.378402376918 451.810649583632
322.470043737816 456.209762592414
334.404888901712 474.642030249644
335.754812688362 476.615029466087
341.445760739129 485.067605127788
345.562971470011 491.175894648616
352.061070526555 501.616509512408
355.388560027381 506.907526232709
363.481262741392 506.495125436238
364.161176872011 506.896351395505
361.774647107719 510.6847169013
357.576808976572 489.620286926125
342.507487970302 413.703883518623
340.937465202265 406.224874602875
336.428965583046 378.740954580428
333.385082671288 357.578766202879
334.624659912901 368.010499756543
336.081068242753 372.762254086257
341.483922001678 365.789071618394
341.640833933625 365.514399669298
332.201129769644 356.90931502534
332.050989349142 356.958655068006
328.956428951754 362.001194055092
328.82662478831 361.817037088017
328.705076355908 360.943838045236
327.936375331463 360.800362992845
328.052454726713 360.991216454363
326.486253346063 354.828228182235
325.610030256848 348.678223997152
324.935233881456 335.018667735377
324.427690915706 320.072008865327
318.387816330877 324.024872470365
274.488316763224 350.750510477759
271.649923766123 352.312628654391
243.025414503751 387.863175430527
242.485620296341 388.594235228762
241.680708153251 385.05909330371
239.003378175898 395.915833293956
238.979608278105 402.97262142315
238.475984061055 397.422775778572
239.616849132347 388.439197557631
239.624565569425 388.223427295238
238.824223114753 385.951865999503
213.026858142879 375.028089348611
151.754846370559 369.92158728539
149.764889684243 369.781112778577
142.643136270705 367.461771365572
140.472323282627 366.754304901791
138.958453891298 362.915413902277
145.812990781143 361.25142195793
150.258179021085 349.144504352735
157.434784032204 332.870085080815
157.544027896637 337.236905606285
159.377194772281 342.637490604217
170.492052381778 375.791641543094
194.545871037292 430.944779216048
227.236286628251 456.223490333438
236.274029895234 462.672146998137
229.395301823749 417.918672166063
229.639829621513 417.453310224897
243.75566182398 438.683565438428
244.83631118908 437.906671892208
243.793163571957 436.148349167818
252.59966741346 438.433605709986
362.229200692485 489.546702642358
367.514692084652 491.915080152042
418.742823770325 483.326827330087
420.254424830208 482.39507355737
400.532484543431 469.353517181985
398.612825014912 467.064170246923
399.042719657683 466.994038678846
419.331159227833 446.539981429606
448.746697208915 409.998036147062
450.520437098068 407.268913250851
439.837177449266 414.566349177552
440.005341257252 414.231873190783
324.327009334121 146.397619787443
324.327009334121 146.397619787443
347.292909767558 163.62255622216
351.699173776437 166.9273522909
373.147486316911 191.10287589544
389.986146462518 195.597243618147
392.531812482699 196.039227353002
390.980286251451 203.985195661062
392.451431653167 206.567706556283
394.072998758442 209.134466791018
393.578374022186 207.865882486274
391.473256057597 209.625700424281
393.365006002539 214.993136535743
393.759360068579 215.745986738762
393.28047285294 213.366576045972
392.347312718532 210.335642918885
393.022370895243 208.878813709339
392.549776033046 205.852604342649
393.754593334771 202.190586888018
414.341736637274 182.488661683205
411.14052637402 186.368267800791
413.64897628424 178.756395114124
408.708943329077 166.011725171501
409.742266955652 163.637986206419
411.56377001384 151.159947410786
411.790554982458 154.973635153824
411.23452042446 155.027180859269
411.145820516083 150.423094947314
411.570384756578 148.335750334855
409.256526202487 146.265476271783
405.925784887555 149.903530769143
405.823814587121 148.971436828282
405.179731073798 130.965545148411
405.159030776133 130.70305843497
404.849708348103 137.455894939199
519.065763167081 140.506125425014
628.271991748121 144.967699563949
837.175094546229 260.442370898254
873.743982568329 276.183037803746
903.428746544362 290.468617582598
895.090102592608 287.68543296992
1008.98784563898 352.00844237364
1006.52966307972 347.187743945423
1007.89931187603 346.08889215544
1007.31651601296 350.342059731078
1008.07694255782 352.307361538472
1004.89937603292 347.909950092872
969.43059795062 338.548264515436
915.326353353412 322.601559729069
733.316014009367 260.344184562847
538.922779560598 194.300119748799
502.630599356603 183.45937465639
378.264403209366 142.257353342581
355.65438768189 132.41152150341
353.975283025196 134.702216456244
351.713910522345 134.626407987253
350.520272617291 131.798996979288
346.255185660078 124.156346238871
340.500598490508 114.806086112368
340.17096940718 113.407341279606
339.837111828508 112.370261622936
338.696067045526 106.31922355467
338.686855722284 106.114989448393
338.517038564117 100.414274191571
338.453881864893 89.0789918162363
340.747793487634 86.8950988436815
341.385138360555 86.1097427749469
342.074717521328 84.3663830838
343.900000748434 83.2970398892115
343.517910546998 82.5437271505851
343.087046994758 81.7678153375331
342.472005028434 77.2341463963623
340.335129188684 74.8065123887609
361.391964168987 95.597074441973
1074.7205051156 320.386302086461
1052.18479422636 318.232324192588
1059.7383124123 322.524940814391
1073.16323329269 326.782858739732
1070.3382688392 329.891532700771
1070.79548119761 328.869704548202
1066.48323596465 352.0158735152
1050.56394971787 376.877447384414
1040.82411343321 404.56793716399
1054.65031800845 364.367568868105
1066.06053060264 327.76318959962
1066.64994881991 328.075941583663
1065.2936758333 336.480619959415
1064.68749437647 338.13471429074
1065.33438651141 346.250810124827
1066.11951999022 350.719829281637
1069.24091685088 358.805075378099
1069.99279610864 360.59040594043
1070.00432765286 361.130356048003
1068.80003805149 368.107883169191
1066.53035148698 375.986850593864
1065.02029292216 379.948492995798
1060.2832663841 397.526661113956
1062.58500428856 381.730420023091
1065.62581130428 370.393725238708
1068.46323899418 370.641812202238
1070.62351715934 368.57911657605
1074.18898372815 366.022334977965
1077.65370868917 367.50663267991
1077.14903041973 369.113716292424
1077.82920419786 368.792409744013
1074.62720683624 369.563606052958
1065.2646553627 362.373754777532
1065.15918260587 364.981762748073
1068.15564944527 368.519495851838
1071.49882695811 367.400312644834
1071.08983355208 367.458638951244
1068.6903264176 382.287989810794
1070.17373391456 379.513735892806
1064.00638403505 380.317377037508
1060.22763179253 365.737028608401
1069.61749280584 358.891772473343
1067.25046056319 359.362671193169
1061.69794199851 362.474104096195
1062.32105385974 357.077217684702
1065.51862188959 360.985511897028
1073.53029294105 354.204394674926
1074.44899025113 351.462815235118
1073.12801953634 355.25799939025
1065.12991467566 377.051284230247
1061.55918882 387.606473858162
1062.31171613624 407.343977426166
1065.62214663009 445.293021641832
1070.5177020007 476.510978516053
1078.44378097326 550.124620918197
1084.82575835942 591.33546999993
1081.49183674942 589.311367085416
1081.8777460888 589.404971142782
1077.31332174638 594.564142297306
1077.33852960092 596.384708255561
1077.96755813291 596.562502337769
1076.08267040827 574.556548895189
1051.42668565698 452.721567566644
1046.53151337401 438.056112107523
1047.36778327153 406.339871101753
1045.17410607481 400.543480293987
1047.97109801878 397.463657730862
1052.10633900909 398.325027946327
1051.07884348297 397.744427249322
1044.63781372709 414.526869232926
1038.66129341778 415.546921361723
831.63787460872 531.680660750552
879.164130944397 506.685864746824
525.43500739201 743.70986072827
308.491702211957 902.35551064252
241.253558625647 954.161012552906
227.765966857802 967.460980973178
172.006069274104 1012.65438270027
178.37400770151 1017.34683950403
174.626610740441 1023.9253359597
177.705631532957 1028.84084350781
178.57444319091 1024.73961172089
186.641665274046 996.551282631731
187.650652899312 993.098244766269
187.555067651431 992.598239153491
185.07045434473 997.798129770751
179.502832088533 1004.5652458964
176.260292458716 1009.14114117219
170.129244778422 1014.43413194667
181.254491184751 1018.79257404405
187.340138762377 1017.14659724929
196.771980630218 1014.87287432222
207.053652782237 1023.0627926869
204.451862109128 1025.38108113808
201.745156146409 1020.2028604885
203.702042256061 1012.64043833413
202.354111597462 1015.16425263106
248.935595364008 976.447171865485
516.654323156693 761.326106909136
602.194119573843 702.469975107407
691.535013220314 641.017822871705
767.679694578119 583.833659344928
927.41119365631 470.272316212809
1016.78686911893 424.777401611206
1005.5228206032 424.536070958166
995.860613040864 438.191347700454
1008.59792040955 435.308079933156
1012.3122469886 438.297757965847
1012.6819246632 443.65927491311
997.05357864592 447.415673999905
997.207798419102 440.428827031559
1007.26909690228 432.971164681305
1009.30102393199 437.483432712014
1004.96502893171 437.99820229846
1002.50053370475 438.785696268719
1003.96400212036 440.991660717919
1008.47229865947 439.948890684592
1008.67640523573 438.918261474346
1012.9876888395 437.056553787848
1017.83355296733 439.618512991334
1018.8598402567 440.425538729956
1024.59223178562 444.758068814693
1041.69618098317 463.303091946085
1047.9251069281 477.188962168476
1058.73075644985 502.447865415504
1061.99089335606 510.823926052405
1063.4938884082 558.667773484719
1068.45305422896 565.649318097371
1076.31127360831 556.264866974749
1077.10070264991 548.283828126541
1074.30577916159 544.554930029047
1073.03298292822 541.780511242194
1070.53076128851 540.124195938842
1070.355849713 534.632717425751
1070.71378215055 528.596782040599
1069.31930253873 528.933199728291
1069.48697914948 528.813949410869
1070.60193746515 530.534186797884
1068.05708395589 531.280571629307
1047.61190081227 542.208004975459
1005.66526428189 561.458841724789
1001.25885504734 562.490788534155
1000.05271922304 560.214315154988
990.887589622194 556.679502681219
988.496071689911 560.105416649675
989.342045697288 567.264725191029
984.357144609453 571.797301892435
931.454902011721 572.401564175157
883.613008386647 569.783685134787
876.692898690672 568.829025698076
862.360847866157 566.958970413026
827.102293228983 548.456552173521
824.812793745721 550.088025222903
822.52434623854 551.903089029271
822.865503802904 554.045902268342
822.276125095448 555.247381473563
820.449978989721 555.400338439623
819.989403713028 554.736892928222
822.588515617594 556.979676738372
828.072968712334 561.820091502295
827.406216379926 562.160503744946
827.303795459898 563.098459010027
833.065785204189 562.720041348423
831.953913945471 563.304710339186
832.626916110137 563.459503583579
1004.73065851541 538.644388111039
1026.82412384544 552.649982331584
1034.40658144456 556.558825280972
1050.07126151104 551.319915868555
1054.99439937942 550.619609490905
1059.67849470611 565.874490646384
1059.29363254285 567.840554904306
1058.18336648001 567.819056294264
1062.20805951644 563.10679978038
1061.12036786772 565.816787816995
1060.96303048614 570.052015072567
1061.2292668616 569.708345658169
1060.67307497313 568.703933785391
1057.54309019802 564.756818899376
1059.7836844221 568.696889404076
1085.95618840631 567.849695326263
1184.43443936582 581.756058865318
1192.90127484303 582.304757682885
1203.67327567701 582.752353426554
1213.61226737038 583.47715271404
1273.00063947132 589.005501753863
1277.34791032102 587.01184871143
1277.99762233082 590.671897975961
1278.81676748079 591.554461658481
1279.66784188163 591.189166338827
1282.49840469975 588.108910551229
1282.36756653397 585.700810260805
1282.43919685605 586.725297355389
1279.10768807318 582.473983226838
1253.02189074125 569.953849331495
1090.51374141755 487.95820964578
1081.6999039197 484.87743890446
1071.97862223472 480.799587478825
1066.97786968051 478.349338744878
1063.14075579724 482.520960041254
1058.39355949251 481.846352340176
1057.90036712174 481.086908217942
1055.90277961952 479.614787201562
1060.86417650496 478.98728158162
1066.87734774125 481.810947061876
1068.34628145108 484.560619298018
1070.64228556087 480.574074633309
1073.93941289875 475.960732275849
1070.51555776564 475.616627600662
1068.64658861886 478.302028147843
1093.30669582583 491.233004934253
1108.51507984302 494.655203209385
1118.99855426131 497.278712570913
1142.99646543358 502.96075388408
1207.53204783211 511.947145220949
1268.55993731174 523.076191453908
1264.49290680763 523.787901802657
1263.91342856625 523.683054262784
1263.4834006604 524.067108283934
1263.31165494339 531.369391360731
1266.61447344107 530.322712539252
1269.26734793472 521.338165406512
1271.55010689922 517.567797427166
1272.36595350833 513.646005477972
1266.16437350505 499.880666713133
1261.18463771797 492.502013869476
1270.11252072146 503.534652953336
1264.21086570791 499.829618710984
1265.67007814488 500.485023877624
1267.33079418866 502.483809037364
1268.64902329699 508.474416316611
1263.42739608907 513.544531636409
1265.17712156137 510.327338155751
1260.10047351963 515.336914942068
1249.12320950981 520.519543892635
1210.10307935017 528.8513306938
1185.25525536511 547.946013226736
1180.18797544094 559.428448099149
1176.65647322508 556.762865439419
1169.2638326081 553.787088192102
1169.80697919239 554.206932932698
1170.91403527333 553.954124330473
1175.20169064269 550.525947252905
1172.71644107828 530.412181283433
1174.4175075848 535.815895273451
1178.12103216305 542.712279736098
1176.81804995021 541.512018259322
1168.80513158469 534.814489389365
1165.78589799949 534.104830598471
1138.72932168205 512.658785748623
1111.14253400375 491.234706717195
1089.82880583466 477.087280699431
1072.63894760995 466.560359836937
1042.52190735785 416.660896392939
1049.42366332942 435.372235919682
1067.23230565452 421.074288570505
1072.11340814434 414.61554748021
1065.59366349021 415.792654311517
1061.6114571679 417.279735591036
1041.09609610182 443.125375702498
1027.8510619072 457.113825475806
1022.07594178723 455.657461408657
1034.36232802377 443.80205758592
1069.94577148832 417.081516447305
1089.9352863398 399.477157585082
1102.33561678662 392.076033838515
1115.3974718104 390.65903087225
1123.34629026505 394.893266281381
1137.60364529836 391.80534591034
1146.07689808985 384.877222446758
1146.36765001563 385.293197868169
1146.71016667941 387.351229308862
1146.85534238194 392.96499802902
1141.65417636436 397.55841237541
1134.33689167459 410.871504847685
1133.94944578874 413.347014363499
1133.40774983148 413.269490404319
1131.11237738987 414.990542499815
1132.43274522912 412.196334450783
1133.40245550933 412.61914265162
1144.93012833041 404.455854937327
1183.80074759464 406.53213756222
1181.09722385627 398.000663282113
1234.23361478857 377.694430004467
1249.45819901528 374.380789457328
1266.93185354917 376.576689953485
1284.19973086802 372.23071378225
1299.29601732769 372.427404678252
1298.47767466794 375.230932909574
1300.20383570173 379.81895331693
1301.54923549406 378.687517167703
1301.76485604767 376.780886005347
1298.47356252277 377.247572021417
1305.23038062395 377.00285261354
1308.11904489968 376.265480243398
1305.6192838107 374.297152594089
1301.34954510822 371.484557914828
1300.68639725861 369.999285894086
1296.07178576474 380.865192199222
1295.86242789126 382.107358546791
1295.31490933671 387.427361508789
1291.62319179307 393.45132297432
1294.02212181851 398.464257410772
1291.95865895399 395.330587273222
1292.02168770841 390.91255932398
1295.42521926956 392.353071032346
1287.20019229159 384.413987466768
1136.29451518007 381.841494891816
1102.47544595375 395.010011339991
1094.44816151803 393.556125062772
1076.14944311919 386.98219789178
1071.60689438858 388.396069970544
1074.48191072376 389.526017404127
1064.10554172822 369.730283791976
1069.23305202872 375.901377254891
1068.46317793389 374.024449099624
1059.50377641509 383.668074490847
1058.94561883776 382.721063965479
1060.12572305902 387.88570181724
1064.31134495104 394.088679793295
1071.98278230456 400.371914183913
1071.21822492847 401.018641581902
1063.34013037966 395.32424316988
1064.80514479511 394.973761934812
1060.91557468464 374.190664410088
1060.27011647917 373.232764397065
1054.90898495399 372.397564778902
1051.55282776252 379.264217917494
1053.39703800483 380.036789463575
1055.74421152072 379.506963501044
1064.68941278393 382.415515350733
1066.49612816165 383.416600851094
1070.49119206848 380.053315112177
1071.49036124686 381.670288677758
1070.91501544148 382.023062262339
1068.82905384276 382.984388669793
1063.26022580552 384.670482183121
1066.58985281782 383.82954220469
1064.84671584011 380.071364092559
1054.7652126201 380.893032920081
1059.86569266074 373.011131179505
1060.11497765733 371.361287889236
1049.86380327132 384.33927468439
1048.54587128434 379.8796979745
1053.17500931756 369.132595612632
1054.61350594868 369.18243686732
1059.78689260334 363.713108999299
1078.79933191819 581.881205480395
1094.8313391674 866.356631408665
1094.89971340552 868.068415772965
1094.45113253788 879.484180691911
1095.27080074325 892.158112755976
1095.30317516847 900.58794784071
1093.09739719657 901.900944783288
1091.61174642572 902.739462518459
1091.79466209367 901.595724299728
1095.28198324621 902.457204772613
1100.87468494495 905.654625518088
1102.78103936232 908.049298408357
1101.55604396765 910.13160930445
1097.62294123557 913.769822361671
1099.81965347935 913.462178375529
1101.25283359901 914.249382645796
1102.26951392277 913.913518949226
1105.02470909388 913.81966267019
1107.90704348949 918.491440123664
1106.72358804191 920.188875626213
1105.27978246507 922.833245599213
1106.04668370403 925.365984111079
1105.98156176247 927.09900205294
1103.88007920261 927.600994055839
1099.99749867187 913.344429018295
1098.80501873006 912.02393862749
1097.85762673184 910.967158367997
1099.4610248136 916.790549544332
1096.95472162325 921.300821565434
1097.15107845306 925.124639509919
1098.30260382655 925.912902579929
1098.9690280469 924.991612966911
1097.63480356692 925.849025187806
1097.79940576161 933.008983822433
1098.32566337629 930.348585928084
1094.11757346072 931.471506174877
1091.78417254073 934.160914195569
1093.28104618271 931.738181094071
1090.25558882514 932.243078363683
1088.3023906652 932.784848259947
1086.46394963615 930.452721055173
1086.05338291301 926.03111505038
1088.27198726163 915.503713912743
1085.22872197802 873.219313287575
1076.70141649207 733.611998069185
1071.53501317735 654.293749971647
1066.75692492242 604.740978652101
1056.02838203973 550.17401334873
1044.59420917658 448.461507878032
1050.80685836438 437.046132088468
1052.24355938577 437.254547422339
1053.0199058735 435.756702755132
1053.52252185062 435.039748790331
1053.30862065069 432.964032287444
1052.59841387179 422.107220276043
1051.35834506132 426.193827759481
1051.0291358339 427.528363432485
1051.77309450745 424.970585525241
1056.05764217195 423.528093474041
1058.09617505992 424.433232344373
1055.86308378565 432.396687365064
1056.72356414667 439.801920687098
1056.53629478504 437.474982328764
1048.54528265555 440.370056297876
1045.17244263013 441.055736857346
1055.340253162 441.867395613642
1048.40953336061 438.707247741801
1052.34617744009 428.003475684861
1054.94047784624 424.568520636234
1054.94667130541 422.268275367265
1046.56588132056 422.394809736519
1039.02688119173 445.485950348408
1030.34463387433 443.492278898031
1026.77240377867 448.647020339193
1025.69803398751 448.573281286123
1028.77750502819 454.842965288859
1034.14242419832 453.592702406678
1026.24261649353 458.503514204323
1029.41063256372 458.5715808694
1047.34619248663 504.752450381979
1050.5299139529 524.825284125299
1055.59188788021 533.303796248359
1058.17530372213 536.688554352193
1062.01877367107 542.665475199908
1060.81393522408 540.37622343378
1061.85983204191 537.760505022684
1062.56085802584 538.629577203461
1060.04282664926 541.522819298862
1057.90519054473 549.564413968771
1055.45763800648 557.298691314763
1051.05596176981 561.188884129282
1057.07287984575 561.323512132994
1059.23540556326 558.115486844058
1060.18729253619 552.405248834789
1062.66197229192 547.178834787653
1061.78455195748 544.703279797819
1063.91323895291 545.282481323026
1065.27277571432 552.419797141299
1066.38586335267 549.186290616504
1046.48004151452 558.669114042297
1033.94592803145 561.343920141935
1008.08395100649 570.809819050355
982.39936887843 573.567383977424
971.989611831125 572.897788187179
930.822025456885 579.894509798229
924.678871691066 572.082023245087
921.604389565113 579.486114225021
920.861743180047 581.907885646415
925.73553307893 589.291654918669
930.860380461355 600.683896618662
870.149174662579 572.038570440311
865.365654096304 569.63021637333
856.860566675275 564.191122757105
816.632002048046 559.20360006604
815.831353654014 560.317086796845
825.263744259113 547.755577574571
825.062544041089 550.896867242902
829.649864449319 555.936949685487
834.63441530268 553.700223931712
834.529252805699 549.643590116651
911.032473288614 545.711033851894
1115.78897873293 546.524243835316
1120.60969384236 545.283127783238
1124.62107859987 543.07950730759
1130.82848391682 541.100504255719
1132.79071097988 532.789403865095
1134.63002865144 532.023691114421
1137.16670209994 526.088307360935
1138.50861481144 523.715760812202
1140.28471739921 523.385249126574
1139.37704476112 523.971392248179
1134.19536054213 524.855539242239
1128.00781357542 522.420836736945
1124.39228289922 518.962923591113
1123.9146577308 490.860564812662
1124.35651961058 427.793404550807
1121.54128979896 436.015870658701
1124.14813083666 437.764440019337
1124.88924615691 425.306491012839
1131.73926431292 437.256168027734
1135.58691798836 447.920728751205
1135.0144843269 439.379914836757
1134.32221271244 436.053786266845
1133.02239334966 442.128625114922
1131.89248948408 442.422134800419
1131.37945111279 440.102251348127
1130.04440135441 438.184554794016
1068.43075587505 441.182924273287
1066.39843885565 440.66001582178
1046.33644345557 424.657658832427
1038.7888858674 427.987704233302
1038.05399926818 428.150480157129
1031.8889329658 428.554737632667
1032.90592104967 431.737215370069
1033.09471020927 431.696640766229
1034.2880728986 432.512156095872
1030.60343321848 425.410009312735
967.943467431195 406.372231771931
986.607067728792 400.333765743753
969.932402630582 399.218857890127
942.206077046999 399.546273584417
886.660294010862 401.914533834106
841.682776948766 408.163758174939
791.90183957158 418.225034909609
800.734990348475 411.659112679712
797.949946796105 419.974390851906
794.620967001048 423.584649889309
792.793396654236 419.445037290103
792.290042897057 416.803093275612
790.107625676639 416.970118511696
786.29837634139 416.01755566293
788.560100838347 412.693854571737
797.998707997455 414.990957377453
795.424669811086 416.734961015814
790.896278820615 415.547111813622
791.921551941467 457.577177530541
791.548511725121 480.03042181343
791.345712295996 496.312580035158
790.535256103678 510.690961812311
786.969101749851 529.951012622494
786.17040029694 534.47248469332
787.9641967884 537.958541177758
787.432569555684 539.228848735358
783.910354734108 545.241980234175
781.639810081846 546.75997440371
786.451460935734 545.711602570274
787.618624048315 545.094392324031
788.272569284372 545.036824176871
789.491605173705 545.276637028042
793.526396196765 543.741652881159
824.321293076861 559.29863552785
882.532955315088 568.849072926479
894.290273211944 570.111714908673
951.492055654116 579.405380006423
973.135860670008 584.533624840853
1042.49919818883 597.785022875963
1042.4219959639 592.920862967813
1042.4441936552 596.478514935257
1043.98086386497 599.458851404102
1041.96369241757 596.908228113862
1040.21879026366 595.608198705508
1040.36221179334 597.110469420304
1044.40403892485 592.587547993628
1050.32118859373 585.721071732878
1050.01064352117 588.860414819859
1053.17066851137 591.7488401858
1053.16963302621 598.306762458716
1052.05895409818 595.817230890257
1057.87505858391 613.014772648537
1060.662153987 652.195906039726
1060.37291814733 652.109441442787
1060.44008755862 656.887979571292
1057.04667796691 658.048076089158
1047.47605000007 656.163676630333
1046.68237551535 656.291546485872
1051.64816679673 659.875666227756
1056.75221729912 664.400472053627
1061.29113847031 665.267285414573
1063.24278294192 662.902077004487
1066.52505527674 660.991327528214
1067.05043089912 657.946202679718
1065.74236068205 658.993736543403
1063.7222296689 661.45850757314
1065.26534319947 662.82376900851
1062.49713131903 667.360807872577
1063.22047022658 670.894554900701
1060.33060939227 683.08739132108
1076.04137512798 680.912039736251
1137.54562384035 664.191180499412
1138.61843257193 663.786247460507
1146.99656159217 664.925415230636
1157.51396273456 664.185230684629
1166.16041169078 668.889052007042
1170.40700295569 665.865412974591
1173.08376832093 660.954797993646
1173.14630729592 659.256162754125
1170.30800982533 654.62538903318
1168.07395352454 651.942935267219
1168.87249097093 649.694007622273
1165.83999110318 649.050989411597
1168.15476429834 649.841199566689
1188.13832509626 653.913815840697
1223.62052668179 660.596047660897
1230.64519752305 659.130500750235
1258.64073492071 658.082187053549
1263.56217685733 656.956735737108
1273.79721162616 653.054553453515
1290.58453769726 650.401967232446
1294.3962904226 646.984017080896
1297.45949250275 648.43570592416
1303.3543613616 649.455879708675
1306.82689870252 645.652138037803
1306.55470109535 645.784467857573
1308.00971196477 635.343943012431
1313.5313853418 562.81880240016
1309.28882910332 551.957520675952
1308.14968240794 552.072358137513
1308.6398493264 549.681013999539
1306.77776983282 547.548143440134
1306.05379935138 548.52321871132
1310.18082859079 540.678970148208
1309.53088738321 535.073761722469
1310.92356891197 527.846846972026
1310.12075337153 530.193024039051
1310.49825974607 530.942884523644
1301.36415030397 539.283413482219
1300.83776604281 539.599693864238
1307.80386924204 544.939251258094
1306.0091291492 544.482105028849
1302.09079745771 542.758578908316
1297.82073859072 528.126421384967
1276.64574360946 468.023425091465
1267.44458324303 442.538916011131
1262.84248751607 437.095843300291
1247.85510732942 450.081496286393
1240.24204245597 445.981550839276
1252.48609164528 437.287480219293
1255.64190600269 435.873650561366
1245.54384639014 447.029811609179
1199.19466449159 470.865440549913
1125.5724278459 504.54643699626
1103.61979922338 510.219541518976
1094.12116970439 513.048405772537
1089.99152975218 524.070302905651
1086.55812400734 529.009880785696
1074.72055368289 533.639399956994
1059.90085390365 541.406598192124
1053.74949542078 545.160931596772
1061.58145281659 541.669790908805
1082.60081782533 527.825264843632
1081.35681622272 527.573147317357
1077.69769358372 530.182848863448
1087.70188107499 528.42090025225
1088.45154066618 525.709408975466
1089.17921109794 525.243730738229
1084.27188795297 524.488311167638
1079.48485327925 524.135640368938
1083.43213775709 523.528876933021
1065.64950312814 514.043632866162
1056.18454038341 508.989545672446
1095.70407222503 541.139374293745
1109.91280211701 550.287966919226
1112.39399569105 552.541390694525
1140.16546794333 577.022539320468
1147.02111620996 583.677744079492
1151.30174849844 583.055693017322
1151.40584793864 584.480949789329
1154.98684845196 583.010152057727
1154.66161660479 580.711224760155
1153.21131869923 575.305658786906
1146.31215976178 583.944205557931
1128.94547294215 609.554241480624
1121.80565655254 619.786946073075
1119.00597716858 623.725970267164
1112.35126814729 643.983461807925
1107.60952929451 650.06163948457
1100.16934371538 655.42090032641
1097.88983267766 661.103689399128
1102.2035199705 657.915655757644
1110.99394207303 650.223884375917
1112.41423878344 652.616573313585
1109.42564082679 653.790221813451
1110.90672125097 648.869017404439
1111.1527626312 647.740282775438
1109.55304968925 648.016398702774
1104.87304626474 649.425844981475
1104.44152192814 646.885522194398
1106.5353109435 635.843960781372
1103.70769847414 634.817017999596
1101.10490127153 638.363620032459
1101.15756625267 639.333995623461
1100.6503926751 641.976100249671
1100.50108012591 646.027784485843
1103.60209274981 645.2947786906
1105.49196034617 644.694886245163
1099.13741140625 649.573854334492
1099.60650172103 649.722431885832
1102.96565714394 643.121688388101
1102.23951484622 644.358265660246
1101.85766116053 649.825736486441
1100.80082059817 648.650007822713
1102.79846513583 646.642216135466
1108.32294720708 647.772889533778
1111.72532928328 649.805241487137
1110.6088064149 647.776036077106
1112.01917111281 647.898513894631
1111.73652631203 648.068948959134
1109.45947956132 651.359578435538
1110.25940600741 652.482243566866
1113.23323727229 655.398263327393
1114.34463878743 655.404122147427
1111.03093558408 651.418163787656
1110.20087611784 649.797659026384
1108.3764155974 645.861739269014
1102.35054623354 642.345050318603
1103.77923228208 647.760200368832
1109.13029058035 646.299810029499
1111.81243843943 642.983237441852
1112.88130824525 643.166834420329
1112.43975502831 642.655817663429
1113.10108279027 640.148702995107
1114.83595529533 634.962039873184
1110.74382036968 642.571939811716
1108.61780674822 645.639124886866
1108.64014164347 642.468573086789
1114.17014566773 640.104080862474
1115.65963539311 641.202536377882
1112.32063353861 643.962059713999
1109.12138802426 648.488160667514
1107.35411834597 648.650086161993
1104.91014855505 648.485531717633
1101.60464421606 649.966485574412
1100.20183177844 650.775098982251
1096.47410780587 646.967359598881
1097.55256120486 646.645977542521
1098.77466059583 648.106716741513
1100.01582944575 649.010269925104
1101.19958521181 647.68191656487
1104.17183751519 641.085638195249
1105.06493954156 641.26189480939
1104.57030506152 642.990511128886
1102.69304348282 644.188948110811
1102.29925890199 647.213780227016
1102.68423191632 650.085943845009
1103.9144001879 651.334538935571
1106.28488157355 651.119065707462
1106.88743425058 653.902873139252
1104.05206141448 674.136454603261
1091.31830655849 751.857934504407
1085.43093934161 784.244482243186
1081.63690246396 806.253239545041
1078.26152716306 825.145228367819
1077.4149361889 839.26671581501
1077.60227177337 838.664364004819
1077.18983806003 836.523276140026
1077.59540564891 838.678662928907
1077.46184704075 843.295335987315
1080.02575957932 842.176924698711
1083.69008701969 841.535357214025
1084.69350622524 840.865950091861
1083.32706300547 840.110273908233
1079.72754209714 840.004467821597
1076.49815509739 842.097532634465
1073.91482173778 844.469455633763
1074.56071946111 845.251550709832
1075.79017122035 844.307796301275
1077.82014126486 845.011232500747
1077.820015135 845.438555192562
1078.64781421032 846.472987669036
1080.26610115565 846.540025934593
1083.08507842722 846.897672747103
1081.14620970752 846.646454052829
1077.80114668352 840.032700053994
1080.49003298828 843.507000917782
1078.31492509981 847.179479638352
1074.26264377373 847.319155345186
1077.20098317904 845.11474611198
1079.75392776548 844.247006163425
1079.56976132409 849.244596089095
1078.56377551786 856.055014418235
1083.46924890845 850.521558475365
1078.96016896608 831.716997703222
1078.89597201108 610.405466079603
1078.73964788207 606.381604051755
1077.76588234098 596.799421291815
1076.02345906828 588.816519422633
1072.20186880311 577.796749416766
1072.10869571053 573.435413145598
1073.01317223353 576.008379538807
1072.85895658592 575.635524708058
1077.85400939006 575.693138616005
1079.31311512017 574.953175183772
1080.010208763 571.997918076495
1081.24965722515 571.809755641423
1082.84371291442 571.371861422201
1088.39767082769 575.607783956544
1091.73663406662 575.678929414898
1091.09742582585 574.271025773873
1090.29466937911 574.371693111905
1088.86192617465 576.860794154187
1080.55135236768 580.319548945922
1071.26554159313 585.95895419765
1071.40817749444 585.306858962331
1074.58623377459 580.044796645149
1074.42162924281 579.067707126729
1075.2763519695 577.996775068214
1072.22379975678 576.777756242291
1070.14694164059 567.459664081736
1073.59890786711 567.440454849328
1075.52672225748 565.986968601994
1075.59201767967 565.58377927657
1073.43001326691 567.96746738034
1068.32520027074 570.374088507114
1069.51943161716 569.773764182808
1063.81327302874 572.038665434895
1051.22636566359 567.352424177038
975.320627169952 545.020616618416
951.980142289454 539.461003604946
918.77743598621 535.205556695625
905.346922745144 532.464461925269
893.644261529674 529.965711557078
892.961684369459 531.12829781132
894.393573688725 530.036815639982
892.081279608664 532.856220367681
893.166902008221 532.072025705551
889.433995733893 536.615277959442
915.136034919749 552.779304210813
939.224678226093 559.428157164528
952.250170309994 563.847027660148
976.358833649175 568.946871037884
993.284339018155 571.001857036058
1051.73695135437 583.457362907992
1052.80702124154 587.11205561309
1052.2803042775 590.945865234347
1053.14462306172 591.971044103567
1058.54726966124 598.439366009728
1058.78762306539 601.784218320535
1058.25243142589 603.29199360908
1058.9411442756 602.767731881651
1056.54510389028 599.560299408829
1056.14390994456 587.305008788915
1055.37069576659 586.800172882496
1054.79066275778 581.543241197356
1064.09223666878 579.351928126058
1140.95135900797 567.280464791875
1155.10698511109 563.632750002207
1159.46882093562 564.536572940877
1145.588215446 574.16943304134
1148.92951095456 572.453417539283
1160.43207612912 565.390913625726
1163.18316661334 565.656725465664
1162.04849460704 566.658843672267
1157.46572435783 560.705872030689
1156.22608224649 559.618729246498
1156.85809602648 558.392160988036
1147.44240744257 551.633132590018
1149.59729122617 555.110149492183
1147.71888117919 555.222142779458
1142.17101592833 558.114941809892
1149.80850469915 563.983061034424
1181.77334780867 639.992166755812
1145.64733190036 738.4208794834
986.70419380744 1144.85387800244
998.401354542419 1103.15293356236
1145.34714213274 638.019122120391
1156.02404744568 599.173969614303
1153.58454437789 493.374751085627
1169.98429817611 516.774547999539
1180.15063239115 484.160733442267
1186.66621771729 490.341609076947
1186.86193159794 490.911300596576
1202.8392475653 479.291447986004
1230.50631151367 472.234183129668
1251.7308228261 471.244145588746
1262.32624669731 480.427399716483
1253.76508290245 471.547302139755
1251.00369868794 475.83493716527
1252.72373962843 477.759739095414
1261.15701923975 473.910348278462
1262.7899633454 475.340737807824
1256.07560373218 480.20846242118
1246.03763619542 476.001342112235
1251.27902865536 473.823065105196
1137.3100085766 435.240560253786
1124.4979698817 434.469034541338
1070.88447333992 400.076677027652
1061.33274822384 404.546740912439
1055.48369217184 412.698026235735
1051.73307871822 432.740143621606
1051.31425532259 439.447470089397
1063.46661690451 439.743449799898
1059.97507455229 441.356451856987
1061.13664100087 441.825907151028
1056.08751064054 434.408171698271
1056.19687035028 416.372017671978
1054.55505029047 423.531036552562
1055.61814755438 420.030041361651
1056.19301562265 419.51297635548
1051.58641718599 421.044481795724
1090.16643748706 527.413606219274
1107.85176404634 596.946751104293
1109.00878608898 613.617008229896
1110.59267246595 633.363944417845
1111.48059067593 647.29976179594
1110.19400349267 696.13355651874
1109.22819018882 700.137142173441
1105.723591005 709.49820068508
1101.70550679442 705.989805999902
1101.18630394246 701.498696656449
1102.82850178579 699.436517604742
1102.58426199183 692.030685675381
1098.9915341225 689.903419950438
1098.2605203486 692.634788550545
1098.48700317546 694.718323062751
1095.59238977747 697.506333359201
1090.75940984207 701.553114189272
1086.03470594604 707.803376597707
985.718410959985 741.749149483329
971.833517977004 745.259581486622
966.179993858659 747.431072196376
962.181448014969 749.461796244233
953.84098964187 752.691125487941
952.019388245288 756.966476948017
958.933613871957 759.962866312995
957.736697585478 759.921846210105
938.234790348269 752.595012980103
869.621261115384 688.285078895472
863.43212789598 693.551450102925
861.315859974913 693.05323451238
862.90166558273 696.222478850843
831.955476932406 705.43897634894
833.26827257392 692.73662528128
834.30479713905 694.741440195025
830.968911747999 694.898618957838
830.093700052027 695.205180539875
832.699204375371 700.300169574206
835.144256447341 710.234898964759
835.851101764386 714.998620400503
843.499358239126 724.468860114277
860.88989247355 706.541464235921
889.913379422219 680.505893510667
912.296756614196 661.671716332594
937.877078537141 640.736714687065
950.833970213331 630.14800371282
1021.35713383034 569.91259040847
1009.84995057724 557.34074044237
1015.86619033369 565.972146671523
1015.51748635606 564.836223233514
1017.26353486695 563.67066920885
1015.35058410304 556.914729988401
1015.326153551 552.462028437669
1016.69443455876 548.328499560797
1016.37037363086 547.807648105273
1011.13989658522 555.047848950094
1009.76634397364 555.7927928048
1013.10652305268 559.454602808572
1017.61865884128 562.788856346777
1023.01379815025 563.855997056531
1035.26810045244 564.775433493981
1046.59163055394 564.672195624221
1053.47052215431 564.741815218691
1070.60288748151 563.477781734124
1071.43248083519 563.554529323215
1068.79468281972 566.084816590531
1056.42359363746 577.595016829175
1051.05358765996 582.724116278661
1070.31616171956 569.203786467024
1169.1190022147 560.311580757465
1226.0090601642 549.841540256654
1231.93328289437 548.557787011655
1234.23761495999 548.118756177392
1268.46469741399 547.457643188678
1295.20277138208 536.490903153265
1300.49747669011 524.173243309393
1301.3067908303 523.332801051767
1305.20668951735 522.321502581922
1312.59925724687 516.480642482266
1312.85794440107 514.024050823556
1308.70064687097 517.635924163048
1309.64863962849 519.587425947173
1313.02137125684 520.571836314985
1312.14002835461 518.363774910801
1312.62331316849 525.072393092402
1294.76217457791 467.019726634809
1285.95673981839 447.784364002115
1274.57125028719 436.754197962846
1273.28417826893 436.275999587955
1276.16682117282 428.384206536696
1289.72255954751 416.224660478519
1289.62632448464 414.321939888013
1293.18105247871 414.882513338605
1302.40346022933 413.675394554901
1302.90371427975 408.699499359757
1301.62924413885 407.492739352971
1302.19359147572 407.324861931658
1298.87184306814 408.955505843918
1284.34004475234 415.458103027163
1283.92526001538 420.789187593256
1262.37250252267 417.514994142803
1225.41026465408 413.417530285393
1129.0931983399 407.674634218789
1100.09412824996 409.715951661699
1080.50811373973 409.898626780484
1078.3334404029 404.774966331872
1072.12659573102 410.717087189248
1069.7743523236 410.849449310893
1061.77096576945 414.437896423247
1059.63296950813 414.313621423845
1069.86980702049 407.320852952728
1068.92294177926 407.486067625582
1077.72605295952 390.043098597827
1078.23641251292 390.575002742066
1080.331043813 380.048511839816
1044.53062230062 382.312158590077
1043.34736236905 382.391502390851
1030.83125788574 400.211735514025
1018.75509846903 407.173916514011
1007.40113130871 393.391991040165
1008.58810176119 399.16386369228
1003.83660311253 400.912125276159
1005.78961727956 391.695994163263
1004.29909508953 393.274169852071
1000.0527322688 387.037674842322
1000.54390980589 387.270120180503
1011.18107189516 395.365727074714
1032.46139066525 392.62546728374
1040.43450886032 391.57556462426
1083.57101143735 398.543578560337
1085.55492525891 398.768266415576
1095.65989348029 391.578197691722
1092.40718211173 385.853241429008
1088.3966891122 391.238371369797
1091.89886457584 385.154023803893
1092.80988539195 388.494764211696
1093.50182113026 386.476373252321
1102.41716749601 388.565277399988
1102.71821589315 390.214006160683
1099.63849286798 393.432243521604
1072.02251442654 398.860196118876
994.802188185048 405.126819375221
898.061244724493 419.62098649845
893.645093152537 420.773483878312
889.83921737138 421.453103831988
874.178980348267 424.759546753576
874.920141442899 419.616392605518
869.189992749555 425.485201620146
864.225003470962 426.716738571726
869.303865154034 418.865331154146
872.565603757204 422.115510450831
863.398669405378 436.081876080258
864.741525568288 437.440223515158
837.587476903364 486.594867221347
835.076760937202 493.120643762137
831.912097475715 500.999975876284
820.247836350267 531.732783398634
811.207463327729 528.455802695166
812.566650129619 530.120478856159
809.484193241252 536.437325858127
806.791047308498 536.927409790812
807.209971685259 534.615227412961
808.766721265188 540.250563649319
824.161771111792 559.751583363541
827.773906250863 563.541802303591
834.073069059387 551.529331302842
854.177340027172 536.791950974627
954.819695508791 540.034146046243
1002.70041384854 533.15100069225
1018.75454063943 528.358392834874
1057.08073374307 519.39976902446
1092.47471367671 515.630906331449
1100.83259384757 500.491844411533
1098.06562361321 500.737487131385
1098.86126944005 500.399322403747
1103.7394807337 502.385925887635
1103.32555511302 502.924297541429
1094.6926798338 512.765585560225
1080.44670891948 522.728320963399
1078.49934159519 522.471279840366
1085.07511047332 516.646691973652
1084.97538182783 514.82195070127
1084.18235365222 511.586250431255
1082.97805034631 505.89859057688
1086.40996598643 502.331389796058
1091.95733016643 502.440349058486
1094.63770864687 501.355719162782
1098.41411336592 498.941564510691
1098.10615809819 495.7475260807
1097.56397493245 503.622626765504
1097.31213490338 497.165559296628
1125.9843606156 501.013443609692
1191.77594547543 514.424414556767
1231.74523001317 520.885025444194
1250.5388683567 533.829673358471
1264.93678572745 538.809899328677
1285.27848764693 545.664269130647
1283.89555887166 531.406949125163
1281.6323568107 525.328345215642
1283.22216418048 529.358785371335
1275.35732533065 521.291951044191
1274.88209141364 520.132580157021
1271.06920180996 526.320269219736
1273.40623415297 525.400003630586
1276.0677066281 524.5216310591
1274.91699306127 526.216655239981
1275.50000344078 537.765033086218
1284.40300664887 544.129349839366
1309.52454127777 564.949839739023
1334.97786519284 588.82632482798
1337.23593538377 592.245912336876
1344.65721053974 601.511160856866
1342.1951381003 601.910983150639
1342.86835841452 601.915782173855
1340.05195408278 598.323985065364
1336.58458608502 596.717165741848
1328.99685233493 600.356037008969
1330.61888627687 601.484046281951
1332.20706450377 603.881707602271
1330.27003959526 612.79154830893
1330.64423585255 620.621944362257
1314.22632317129 625.228301389115
1269.83085135149 635.494314311204
1255.27346047127 639.485288375934
1210.99539463837 659.573574748105
1206.60138560005 661.367268155053
1206.89727030199 658.094076266903
1218.68343002085 645.962475148515
1212.56574021335 650.966598087245
1193.59110687308 639.386218264408
1161.83832854568 644.465898125684
1082.03969165113 648.432987326984
1008.38405982655 647.514189086391
956.576863134714 642.147051363157
878.292963949394 639.506801105368
870.467648124007 635.765170393923
874.153427619751 624.685705587257
881.145507275627 623.157075674455
883.33876929254 627.097386380905
882.020884174778 628.840796040229
883.8199945696 636.547606680822
874.833328781672 647.092830073681
872.470966347188 651.406983836842
870.614312603976 654.533839301962
867.02033213178 652.568331270918
861.671416390321 656.932662683745
860.533689483993 665.407833419727
861.389409032318 671.058336875328
857.12150169349 678.165050235102
1006.32488982622 690.302007374177
1006.32488982622 690.302007374177
972.057038108762 688.968559049799
934.805427541228 719.714911111698
936.805069973705 720.507471394811
931.513575896637 719.614905466236
926.841095692316 723.136734864696
921.638329348825 724.194351283063
920.296101745613 723.241045979592
920.642472769032 723.200296994347
936.566152367467 719.517361007136
1032.10496910519 716.129341468466
1028.40615537148 717.42205051269
1023.60894503511 724.08204853806
1043.50683299792 720.882890407605
1057.6448140221 706.120323948727
1053.36854317369 703.594711960931
1054.00581499169 702.040738312282
1057.78503769983 693.564703110202
1061.476191177 685.153712525044
1061.88155985959 674.041428870616
1064.12417964812 671.040053836369
1068.16339883617 669.610825078629
1071.15756243757 660.237866620114
1071.83227544522 666.102296388129
1071.31841792099 662.058986793913
1106.07824201191 668.034286539065
1124.40008539261 669.937033565518
1178.5346148756 668.366032682943
1205.41133228212 666.387929811729
1228.13061054566 665.08871353229
1306.52120659857 661.063926648337
1318.21477534301 656.074371004308
1320.87643956147 655.036025044694
1325.10844749525 657.67821483686
1326.04547978936 658.529163802126
1323.17252104472 662.714926224673
1312.25431658371 670.019424549611
1307.9736114027 662.356489700511
1307.75008283595 661.920295301873
1300.75162024212 670.759821676778
1299.17422882656 667.383967299018
1299.53946918748 663.603719484512
1317.58631519652 677.608731514047
1336.95492366999 690.103992835905
1337.05183708625 693.714457505393
1327.18215413509 758.784243298645
1328.56630793495 765.810407369471
1332.08507637717 774.943171729359
1335.40371509589 788.748306350252
1336.93634641975 791.521326566423
1334.31803071291 785.274567191788
1334.55348397358 783.001295795388
1337.89121644448 774.45375685554
1341.37302644276 774.458452119561
1340.02056702694 770.932052731258
1343.76179860704 780.384748442967
1327.63983347351 791.326771277732
1331.71440391418 788.325892887254
1346.29476401981 774.200563512168
1346.89980864435 770.297166128404
1340.97794936636 771.100619953456
1344.31380601221 771.994899540793
1259.59552035737 764.724222163724
1172.40275244579 761.831344441646
1135.75187805134 765.801736425704
1118.24522038144 766.401189059269
1098.96276246899 760.759783401064
1097.93181900197 761.00654356874
1099.51918397815 766.228602514636
1098.45304835465 770.266753933915
1099.2980240455 771.08383615302
1090.50158713957 790.83541890516
1089.98142164836 791.428511595946
1086.42092099778 798.002830631335
1085.96038232011 798.475688537229
1092.34471802821 793.805306708969
1095.0634371656 791.695268895006
1096.08535626567 784.503695120953
1094.59797593989 786.064755192799
1094.20659383738 785.705355174664
1094.68810539213 782.870981108274
1088.09804698638 773.364444600109
1053.90096635849 742.443308857845
1039.029399484 729.766995911769
1028.7217339616 720.030957146192
1011.03625247351 703.192920903066
998.695761916356 692.154333063832
1001.49150491606 695.13000767117
1003.83855520741 697.822984166121
1001.81789682605 696.387519882271
987.845520975322 695.968756972182
990.117075799345 694.778010189259
991.680919802366 687.614682374118
988.803331868753 681.717889071721
992.526028411104 684.692568842523
989.693766892173 661.728981671846
987.336629982307 647.395217225648
981.346382049946 639.568519804194
964.013854964558 619.559433343406
962.839783828886 611.180050468401
957.701907952613 590.514128861544
971.948500226521 580.986778184781
972.886579489779 579.924042256835
970.332333458635 579.916818650276
966.861854091583 581.715421041236
975.693895238821 585.952898336404
1014.23725513913 578.752392372813
1015.37511324172 578.855870101386
1017.3837935938 579.24066836515
1028.7668179017 581.822030285354
1035.36868510576 587.668503226337
1035.30735047449 587.876967468718
1043.93349322871 627.09370006874
1046.92866387524 641.007402680243
1052.09399036922 648.846766430173
1052.65398203683 650.154403705531
1055.04862059653 657.512372113906
1055.30958521663 666.179094328732
1054.3805957748 671.98496334094
1056.48621253485 668.534578809441
1054.17134560005 670.515733470378
1052.85670872368 669.216798310902
1054.57621167133 668.684970819592
1058.74450815158 661.186175512664
1067.5786596525 662.599683060773
1044.74036504813 648.208857707343
957.061056488703 605.605081977993
933.46464355724 593.505618308768
887.765078529808 577.100822154082
851.845936654756 588.208385762698
843.163269999389 590.709115935432
859.037040550958 574.329651683351
857.381712813115 573.103592864992
852.763067263358 561.644730653588
851.643999537595 553.76519858647
854.18246964066 555.827358329479
824.30937926988 601.385077468663
816.606753912301 614.527359291303
813.924529465014 628.207687535278
808.17086275148 641.261259562721
804.661500852343 647.143945981255
811.043676562571 645.520895800082
811.560552369039 649.07872808527
806.894335277731 650.968070563612
814.823139790844 655.734225958264
816.98111043849 651.257596598301
823.871568575954 649.860096238288
825.096185520008 651.103162731029
825.958813553158 652.78116554971
825.740710448249 656.550409368226
822.368505328995 660.162868168589
820.380792242264 667.584744097614
909.68551489865 657.430394149904
1153.14481304028 624.465587673151
1192.41837963585 618.165741712144
1210.65511188955 619.671691238161
1227.91468022321 619.335996357416
1233.51089140195 633.979761568823
1231.64749294096 635.881833639758
1243.95628540261 628.651259952151
1239.6619327383 631.41086901279
1236.24466487609 631.902502679393
1235.53835277702 629.662812148405
1206.37712204089 602.846252864179
1025.08247602147 519.742618021895
1003.31946910761 506.569753808569
993.276004580937 501.104254720627
989.175091687042 498.749842084495
953.398332387851 482.49657447745
937.05597514252 466.365966785205
939.290678741434 460.263584127086
939.769854925891 457.276214027148
935.085834384509 464.269074903459
923.171248552714 447.130984742438
917.856056116608 446.254337421607
910.61518362655 440.148401119564
898.503513810411 439.245912325842
844.236471544908 444.515842085853
848.713837246604 445.951426081353
834.405894524729 452.245940636322
831.647638860736 453.892133226285
843.83070256399 456.061415197859
841.500102998553 457.496065613437
837.04877769692 458.453332071943
829.412689847413 458.510025463634
823.70840642935 461.865655998356
825.567553058772 473.176557297471
831.021328281411 508.269924022858
832.101411998136 510.203569852342
836.675291441372 537.825052175753
838.53938440154 560.238424239937
834.644843305099 620.184437430805
835.646041204471 645.46866290161
836.664980331999 645.785201156766
840.384650894544 646.478168740097
837.972848021763 638.188976866616
837.504879768778 635.86416783263
842.978222258302 640.950071182617
843.640430976131 640.529406003043
843.006704459519 643.658811967962
835.57905429938 663.687340520511
838.693668977616 663.5760998447
839.58694404668 661.080580206877
840.909014936295 663.022011176302
856.543038091863 666.396854236125
857.362339398191 665.593174324398
883.812819872801 674.504773436278
891.069323607204 678.777596324515
893.397988528094 682.460820344226
900.867830091323 687.60339282576
923.570496561563 699.157415424401
920.385257462743 694.773416645696
918.671844060705 691.531374052245
919.768664784912 695.065209721741
927.201197716303 698.687995962032
926.048635571795 699.91787173047
960.865151685889 710.285816168622
1046.62567363567 736.600067644721
1088.70000095399 740.656359462359
1111.91665474123 749.661089467876
1122.36480258808 755.318157568898
1124.54921693685 754.900722016014
1129.01973457542 765.442099264819
1128.67635829512 767.494345626472
1126.94420728646 768.593879204649
1121.4880867616 769.562219616702
1121.24545231949 770.417300721692
1121.97556974475 771.128055125998
1261.22827927726 792.658516852095
1271.22955523475 794.561553138062
1274.53381878863 795.242067222714
1280.63504867684 791.153737485766
1285.51179535261 790.076139737413
1301.4361078471 793.949114939979
1299.79281058536 789.778210030808
1298.49688400123 788.247426392744
1297.90515514369 782.945280862112
1301.97703092716 781.439782510355
1303.36743403098 783.406396849567
1299.96197203463 787.127772304587
1299.73178061478 787.220601003641
1302.29749009298 783.398731197878
1221.7279569816 785.870597506331
1185.61219634813 786.430915439569
1163.14139204243 785.934054956684
1143.44740902748 787.601973957732
1133.07822267698 786.814876440453
1135.73065664646 785.566064911763
1135.28675701026 785.215439018424
1135.39020310433 785.488875992996
1134.46357498064 782.501585755168
1134.04170215189 782.798967812457
1133.69810472414 782.197212409981
1134.6411064139 779.538186512906
1136.96843279058 775.465596362999
1126.15822596848 772.721052819528
1121.42607717687 770.498921344333
1134.29639267667 761.955173767039
1167.17150999736 762.33846065547
1183.13718717138 763.214300024654
1195.38307854843 761.850458716652
1232.37362776322 763.250047645627
1272.15421558556 765.152699457902
1267.32949296857 764.751907583081
1268.78297030024 765.164855735592
1270.21716883491 764.077584901158
1266.50345782606 760.480191929151
1266.19264000326 762.858602481559
1262.86121803314 762.076599631521
1264.79468691448 760.875949333134
1168.24557485013 741.822110566405
916.866610635491 686.371564099531
890.92769367048 676.823605762839
875.101823634182 671.163110102663
865.229256204595 666.697265121549
853.804237633319 651.304928098834
850.422770611312 650.476051328201
846.856584479628 651.380702890916
850.033243309819 651.003807617034
853.590967448288 651.102662917128
852.198010378163 651.032069000906
848.768188301192 649.523873246197
850.723312120034 650.828281764397
852.55912229644 651.075084183776
853.007299206749 647.672192902949
852.260304968665 650.227554421919
859.960949201648 646.989279850996
891.174616984021 628.870222093951
863.077694232243 628.138890814946
854.807840194417 626.487870205307
787.562674726008 575.504344388867
771.808325781295 547.83032879293
774.608310657429 538.32557496813
787.096346886249 524.871761266971
787.745074371863 505.05745783637
798.452495095119 491.55414666318
799.003736353192 490.32710759407
798.217868545733 495.050322477072
801.441357953675 491.644545245426
801.267115519012 490.804390241621
800.452304130812 491.600469293179
798.02183769899 494.022922063653
793.591027681025 497.108039436397
783.984809187694 500.695614177135
785.049414191684 503.294241953789
814.909514726408 417.69002269944
815.424072471415 416.725660879367
816.597219916808 415.560081386872
823.447930173218 419.25194399697
826.770390143973 418.386445421771
836.104345358359 423.327203593715
831.871079466681 417.587180779196
832.571639247745 414.870971200097
831.886383799605 413.183940865384
827.322383017581 411.511855584379
827.418787706481 410.127246927485
820.270346753337 414.193840481101
814.846814744221 419.100304145819
806.584540616399 431.649944325177
794.951782091129 450.06048662758
794.974368007208 446.677009720486
801.633335732163 431.062821916467
832.238443368828 411.005684355751
880.856999555288 402.252779641696
892.960133496024 402.348915726761
899.498511601567 403.037451239579
983.154213863084 377.71876917274
1007.13114477045 378.110422634746
1031.81590577416 383.113642747798
1036.22801120555 384.2872384311
1034.52821110554 379.49822037514
1034.41297537281 379.238012654146
1035.79814127033 380.878197624171
1037.08463804681 385.880084103173
1037.72114174195 390.151739981269
1036.62697885281 397.867401914353
1037.80626953275 398.125038387003
1034.08540863668 390.727758474903
1030.1403412555 387.864338553954
1029.44356773695 387.734992772992
1028.54714728677 384.914618577275
1026.84381088874 386.266894556735
1026.49612751094 386.894275852068
1005.57625229433 411.253768653632
1016.62032700682 452.386364856783
1083.7901945671 738.882401806817
1096.62116633324 790.687681296929
1098.46624774081 797.742520836862
1105.48143170802 819.802871575217
1109.33606526548 852.6921969213
1100.18888337751 868.984458736805
1089.69718448025 877.559353008889
1102.12284735177 871.264350462214
1101.1811551651 873.185134280043
1104.21452479447 873.817722590153
1109.26432287856 869.496888803675
1108.87257049114 869.959653159343
1107.8213153024 871.955514048951
1108.39227925936 870.231591340529
1115.24513072617 853.661057811835
1115.30234644032 852.9324161746
1112.46693288268 858.955744296986
1116.3688640131 870.649442655214
1113.03895586025 876.473615780706
1110.79213483333 880.742694507006
1102.15483099549 890.523599271938
1104.65791951478 879.970524260309
1109.15308500448 872.825982435296
1118.46279844733 866.526993346087
1102.29037029416 874.495028942068
1084.12783950263 880.20468319636
1081.86205584307 881.570154993966
1076.30155483171 884.186638235196
1071.17491992496 884.992856811299
1040.27621153318 889.517493144396
1040.67694154448 895.747220381268
1042.4943345633 896.118324596609
1043.79961773039 896.113049670314
1045.02130033562 895.96113870873
1048.51662251276 897.131767853047
1058.61530793829 895.793938885924
1059.24855914642 895.951736317918
1058.40601859189 896.203870128398
1052.11016816923 904.024144368659
1051.32128470385 903.676190721421
1046.58633524508 899.467644355645
1048.46560264076 901.865873396336
1060.32638400838 875.780024048301
1129.40462116025 736.376042937138
1130.35802996944 735.446009760831
1137.87330947059 720.348058570665
1140.60862381395 715.002527312215
1148.75835512878 701.857552927815
1154.0546997626 694.593269021415
1150.4320428931 699.186766079885
1156.41547183523 688.705467193051
1026.68614067771 490.963123866401
1020.80104500924 481.605798764048
1018.06071984993 477.555701468004
1015.7777673885 462.584452150468
1015.25277382967 458.634845774997
1015.96751875195 448.828320567036
1024.95950984593 446.551975274324
1025.34375258723 447.786141494913
1020.30665317272 449.724546771648
1025.92058223578 439.849224168979
1026.23643874275 439.418810771031
1028.99499855198 439.451569379593
1031.473567585 440.169595754738
1034.5435046127 438.065281971076
1031.93640410997 439.428794140676
1032.30716173885 438.955718191384
1007.01040403281 449.733165148868
1007.2886593134 448.583969108415
1007.38307545589 448.637934486182
1007.31514083771 448.253053706983
1007.6409566447 445.864225797165
1008.25065249177 445.96658493023
1002.32567100773 444.912173446526
1001.76293774928 439.190826518469
1005.09712509664 444.592601229881
998.962719712791 455.456926191672
999.515342175357 461.581282138081
998.579139572032 508.672983460546
1001.9739026334 486.355082944868
1002.5020560195 499.80461367601
999.753366712069 521.026407827269
1001.93024486513 522.857009962802
1001.48196188705 524.268327608911
999.343437670759 524.407416122149
998.974988303822 524.924703521068
1001.41028521578 525.843534595502
1004.13755444134 525.677575596034
1007.45466814555 528.358636397734
1007.14906393884 533.671317807821
1005.69863962956 541.077226803746
961.963675266281 567.788402774586
949.936765206307 573.229479143509
937.247235308857 578.630276104218
929.843388809804 583.648898032222
926.311568369016 590.154783298272
920.607750811679 601.031484737592
917.358759789795 600.732160991577
917.368291723295 605.6424628212
910.589420912045 601.276648737712
868.471938748477 579.626866460365
862.553603048919 577.512760797183
848.207880192481 563.861471243988
836.488984213609 548.906836151069
837.014252745678 551.423290825037
835.930385919646 550.037490117742
838.349556043985 550.709907413772
836.33717607316 544.428626408145
885.396090892947 544.960931257675
1081.61337101713 556.300100585206
1090.55461053517 556.769816293885
1098.65543228782 556.688128938006
1116.57846740737 555.154255773111
1188.00027267721 551.688945333267
1188.72082925244 541.476815508421
1186.97731883494 535.412468893569
1188.82703475318 536.031769501017
1186.22767729006 538.320338707071
1184.51882698602 537.571327994838
1167.01992906082 550.819646487576
1086.42782221871 632.8297274215
1082.12339967521 637.060289540685
1078.80334501859 639.777377183874
1075.07014788693 641.672682895577
1075.52911187735 634.665487622845
1076.27549043731 632.026599423251
1077.18947513415 631.410755940992
1078.13511390784 625.732753002495
1074.72200089601 638.61040865798
1071.74094629306 650.913851063835
1071.05999183849 644.580130973738
1073.13625501672 646.20174925449
1074.12717829451 646.412673947033
1074.45056981845 645.968871324122
1077.21451352547 641.50204697588
1089.70828071768 633.31929215945
1151.58844119762 600.190691625458
1183.75780341433 585.713126174224
1204.53297059611 577.43638570108
1219.00879558939 571.473371388078
1243.02443669912 562.423982358601
1249.48727902553 562.181068822408
1250.82924348457 565.162587532422
1249.36772619119 565.473280003781
1248.40212664967 565.213741924586
1249.33678663236 564.798330700566
1251.42554149357 551.47911287708
1256.12276738902 545.747949741972
1257.2918924413 546.12147435061
1256.49697738563 546.191401135473
1250.22828931519 548.714084612939
1235.53777051939 553.076565856548
1127.94841804037 536.276980243899
1098.40765257598 520.939559092147
1070.58247928286 513.577375978352
1032.01583827114 520.792910411048
1031.90759557417 516.590218658266
1030.30963439437 508.453083911899
1031.27771335618 514.727851933536
1026.29165901386 519.532188372508
1014.40423796762 531.759099714668
1009.64251749673 538.356039369293
1017.2658408127 536.327684530959
1011.68527766869 541.251325863077
1015.66186275278 542.225355349829
1018.02400289041 543.29388697873
1020.93976274765 540.442057821467
1025.59035374446 537.382980975775
1033.02645019803 540.667232304451
1039.35472423489 543.322472048178
1031.02591623478 544.909626872512
1028.24083216306 545.81904822291
1027.61930920556 547.806978132696
1025.32807603103 554.696771665842
1018.420989306 552.784792901055
952.947010031409 549.635501160579
957.076575333327 550.080161789011
870.048568657932 515.265139690803
852.699882173503 510.712875653822
848.305241843132 512.444547553503
852.393202087281 520.777937477408
847.501567770962 520.945633780951
849.517304891061 519.640942547067
851.184548986386 520.367441388699
845.273945741516 522.642854848724
842.75951127336 527.937131279781
841.135774182169 524.044078470784
679.618592474374 431.500339200545
701.504710596313 444.496135393707
555.723911358791 367.524328104808
473.235858784 323.700080298305
408.851418052191 289.508607039585
340.922704688586 250.176627740065
263.544120916056 200.32427709558
262.04477496715 194.714199800199
261.707231382693 193.316954499398
259.795789725075 194.509121072309
261.799041870522 200.155451754565
261.289981656722 202.058953810863
267.648897809231 213.210617539848
354.523796133459 242.252960889571
656.433908721153 403.023576760807
816.389471697048 483.094414014207
822.378362080717 486.270327810167
849.700789001772 504.938852146336
870.352345328556 523.615447056579
886.713429111284 572.256396206685
905.450338612391 568.855735306421
903.932628116865 571.161277790438
905.450674231868 573.490528434382
906.027613551609 580.760969098851
907.397228443594 578.914308182455
909.019012856633 574.209667700346
908.25502107839 569.334310465428
901.972125875964 568.192262052301
894.122501511253 562.663889470029
892.350787169352 567.467041010749
895.963752264426 564.189604142615
898.154940643784 576.502025039694
899.685282802402 576.838206291591
904.803818456317 572.94875431835
910.684174468367 575.95463044794
913.239436013158 580.874106986031
968.372573039856 607.401056268071
1026.47854877836 628.389389950924
1035.40271893568 631.005309340397
1029.00879923807 629.616426748701
1057.14028750233 639.510563611697
1054.74107311002 644.404287094477
1054.61106746637 644.394585708096
1054.23319945718 645.170031012402
1052.70494952915 663.771250034537
1053.46513708595 664.604873917584
1056.16592788382 660.817602033082
1057.20457220353 660.434432165489
1051.80027358067 649.126911685164
1050.69249957269 646.620652293781
1054.61120585479 644.895958403101
1055.63551702562 646.346094730188
1043.10434920489 657.419877612852
1041.08443100887 659.277855356849
1051.22101358021 659.620431912446
1059.76076929862 650.040775189956
1061.25724054147 648.597094921374
1060.54249874448 650.226534612965
1045.31224647311 660.741086185563
1049.12058255062 658.124467332726
1053.16932327417 654.260477338155
1051.87332513221 655.144398183027
1050.56286101201 657.105563048825
1056.1574090627 649.781496072605
1056.16195111411 643.018502689029
1059.80004864167 641.260715662091
1074.13322305408 629.452376075673
1135.13204816261 593.43995009349
1167.15785869652 579.758934556177
1228.34811843244 555.913262305557
1244.69344827004 549.880481001136
1288.97876780716 535.928089103467
1289.03185593068 538.787548581849
1284.82496033157 541.619565670316
1285.64828422685 543.749805292191
1281.63163619313 543.964198805393
1283.55313414742 538.864265649396
1300.41647822028 523.605290432258
1301.75449422601 522.432331782956
1298.68584235719 521.58449267219
1296.55682772771 521.730283678942
1264.01926472925 540.14450021409
1263.66100137126 528.390839939195
1263.62845363176 529.497999780944
1275.85644549886 532.972039820985
1286.61553781668 527.465089738673
1287.89146409266 526.418184143931
1289.49078165055 522.469268484859
1288.93540513132 521.818530657888
1273.81035002516 529.471015677098
1264.21636696166 523.229962475197
1221.19701296784 573.642179533801
1221.19701296784 573.642179533801
1211.33884415928 589.518630964941
1208.60118986706 593.927587257909
1201.48716778787 598.633193234568
1201.50711579226 601.17750331158
1183.47484788359 612.805134679493
1184.6501937695 613.63103724497
1172.97200685032 619.488682734572
1150.02871602833 637.067518230753
1155.46217649417 634.432187417501
1143.57582951159 674.333589319184
1103.79102575061 818.133682334199
1089.562156748 876.682569576982
1081.14462755283 906.900104135372
1074.27525280207 945.732090654935
1074.89052570192 945.817654499842
1073.39544334046 950.871504114938
1073.88278713657 950.210612212905
1071.88772976664 950.423453300188
1066.6035409019 949.994875383307
1066.71610910022 950.526672509658
1068.33581779031 952.650281790091
1072.50295949772 949.770663023066
1075.09982329669 946.382509010657
1081.17078977085 940.320444258
1081.22622964136 940.641542160617
1085.92492945481 931.626111944787
1085.40617524776 930.981961729442
1082.17411154006 924.957756434435
1081.11921446822 919.444458895666
1081.14028063731 917.281084613733
1098.65515755884 902.71100891979
1241.52550997858 678.004658887438
1252.36370662432 655.265275981821
1258.81465531933 619.516413832866
1259.49128079207 611.606602325475
1264.69774199894 600.845230416364
1264.45318888156 582.054886407347
1267.21969999492 575.565172865432
1276.28755428117 573.561955038677
1285.20927087952 574.562394815753
1287.12420838198 573.97695994101
1284.47704680281 568.849493024808
1285.00716311712 560.286370700281
1274.73518727989 563.918803746614
1265.23277090329 568.792525301523
1142.08828425555 754.350205203987
1089.50645717624 873.260339341121
1087.23695352549 876.175504750321
1083.00947513769 882.314091440239
1075.60269269583 897.616719474082
1058.62743980622 928.107007156219
1060.68913860695 918.617085621616
1067.97588243596 922.041712919348
1072.6068863134 915.035309096742
1070.31363142594 917.093600941379
1071.84174836508 916.118226203994
1077.11156161204 916.85417087607
1077.05237306167 921.130533284913
1071.60614654304 932.822073072509
1076.90738391655 936.202342392211
1077.72722686725 940.177822143821
1078.3155463997 941.439198816623
1080.02642600251 940.694605899786
1082.58993325691 942.869538913424
1084.27553765684 942.054159348375
1083.2506614803 941.845526238755
1079.63659631931 937.152368056223
1071.24332673346 934.357730189498
1068.11835777288 931.569811385139
1067.56939035132 927.231588512922
1069.53166569074 927.19758693041
1057.73645902678 913.276960786772
1030.14765300123 867.113782123712
977.744731606016 625.929712787484
971.174252389354 593.703625558555
968.567224689584 581.670302106362
960.697972967138 550.068092578432
945.273652058809 478.059318951295
953.085712786289 500.766579757842
944.439981125389 484.192746775194
948.100882199211 505.426961848322
948.034266526327 503.501350915861
949.497008020612 513.486441942456
950.114773263144 520.352852559404
951.120267128917 502.704837273053
952.417210152174 502.318936768422
952.598968825772 502.13381491125
953.758811606187 494.255396214911
952.613428897341 498.226508243368
954.417984193549 498.075888458616
953.974689825205 505.264690794229
962.619745742077 508.478948701824
1000.77957459871 513.525238037878
1025.34929437609 518.1858614134
1080.90897658077 523.187574286193
1115.81664702794 526.610438111891
1161.78895465129 531.277036961397
1234.06965020649 539.353213468407
1235.93286732797 538.00417513727
1235.40822366664 536.368618548578
1232.89429330266 536.869779556109
1222.21791142168 533.451050184987
1213.73308955504 528.453035230036
1190.07405267681 534.998892305905
1104.90287653115 574.301672711447
1084.09982681658 582.578207910723
1077.43423385133 582.586080174625
1071.72552347041 583.191881133859
1070.26281665946 581.72437004294
1060.93977359208 571.436942693051
1070.87264144535 572.847880929668
1077.07118668515 571.555103967232
1077.36602269739 569.207849730476
1075.61018412018 574.724947382238
1075.81653874373 595.664557617256
1081.54560440591 603.21702344413
1086.95822335401 608.093099539527
1099.36722340042 639.81667783547
1106.70627092949 651.422502642883
1102.42300843494 645.988476847799
1102.75470779854 638.708714262835
1120.92161307978 630.804455114672
1111.9685730168 636.545694147605
1114.43341968695 639.320886006936
1115.93536488566 637.820305115564
1119.79668557499 638.439839227423
1118.29129890484 641.018496521487
1118.58094692655 639.316641340981
1115.42841229471 632.582678548618
1117.73420525498 617.976233706714
1144.5963253983 617.837341173079
1188.84655237522 620.838328177355
1244.498145304 638.886560584137
1278.13294780442 648.738582045666
1295.69783693612 654.694593068746
1296.4894947268 653.242253993144
1295.36294104402 655.878942932211
1292.77633497097 660.962991516513
1291.67207710927 659.869371108294
1291.36016645305 656.523275890003
1286.01294497606 652.533857809951
1284.72687446253 648.252071394121
1284.21790387418 646.593297456292
1185.01590729679 655.219376744161
1111.52841838658 661.735010484896
1075.18732675177 658.836173745744
1037.63931477494 656.868163914733
994.46209394775 657.735688567386
968.340940096523 651.762634357041
860.584130311695 627.922348225339
867.966363378403 634.889756004464
878.067139238379 635.630918447297
877.832180522472 636.152587475116
877.111404275154 634.293816793487
874.300664061697 649.079448508664
873.17859852492 642.735505903496
877.260582195819 629.840857495483
879.695159946036 632.406436980617
876.250242946396 638.054215483074
875.989725162898 636.780692450706
877.133552421529 638.237770914442
888.536686404359 708.000495033462
897.148772000449 735.475511184587
897.823351053668 742.794240849294
898.317595552815 763.219211721168
899.745277652384 768.130911364006
905.390146289088 782.540832738351
910.58149438387 780.581822750747
909.289004765824 782.799321994176
907.101235506486 785.921326159898
900.871959421637 789.467981317834
896.962357239981 786.694857200198
885.881321474842 789.137629854552
885.054616292487 790.057426199147
881.64611874244 791.468137028774
884.372558099739 790.88206285094
871.389775085401 794.630381425908
857.94901548606 801.968443860396
852.71531188585 806.552848146768
846.795541481015 808.386928527639
844.890223324043 802.536482037479
844.271808153131 801.128348811671
845.525020985541 802.79998205723
848.845368838047 795.791957277352
858.767799011876 769.163876024741
834.736385646836 622.371507621552
833.111843104886 608.671800907769
836.959424129843 583.963407937656
842.970095638079 563.90512757845
840.840548825886 536.968941605019
839.768877906216 533.08563406574
839.237617232573 533.753396617881
830.406814823808 532.034480169929
873.309071587031 535.185171841649
910.685618988954 531.589218422925
979.349662498776 525.299662495843
1041.58259567769 521.71364003255
1094.94684367656 516.328473231422
1231.11507964486 502.097178295766
1263.74722217668 497.094635746918
1267.94840436271 489.050039880583
1269.03022897465 486.29217080634
1269.13013546403 486.058509775594
1260.71173746784 497.006084761061
1259.4493155827 497.291011865705
1259.28322060657 497.182426586433
1258.2722771167 503.184421680877
1261.43576285718 500.500338275386
1262.07023857031 499.646850352566
1265.55545012806 495.859880832637
1266.37881814132 496.897521165439
1290.05135319446 501.747990209936
1190.82702812814 658.607012501928
1100.36549399104 747.951046666361
1057.1125223441 789.891019780494
1048.23658783989 807.707473765474
1072.39495345929 803.754940493056
1073.80832401858 805.049367705837
1074.43678844161 795.294921382236
1075.98706465725 794.323364214218
1076.80525410959 797.556320570209
1066.35062781143 805.18956192828
1061.62298594937 807.648624171567
1064.36597196881 806.806534648759
1062.16967636773 814.45303981819
1082.53001301347 804.434590867244
1081.76512640373 805.413358739767
1077.8846867352 800.908803688904
1084.1898646193 791.195078952523
1081.35482482093 791.4777279237
1086.63545184603 789.898356165871
1115.31193734225 752.853680884004
1158.24884494239 720.417620279387
1175.80581127152 699.364473089226
1191.58078693168 681.705669870506
1196.63958167809 674.994317548204
1195.36760548679 660.045044995215
1191.65929476921 658.243083347246
1191.47768319781 659.847636944639
1187.16743734105 661.506018156975
1184.26914020827 662.973428165809
1185.20912722896 663.65758741222
1172.97581555523 669.359944972229
1125.32947169352 632.886033053435
1115.10310881915 627.929434977136
1047.70699046679 596.934287051281
1043.99708592831 594.887682795851
1030.49470179367 563.466680564442
1037.55829460936 569.315504124117
1035.20394141166 563.289609593672
1030.44443942111 569.889569081588
1036.84592350252 563.19397261741
1026.57535214448 570.875041248128
1025.96887376379 569.669885748012
1028.41558610458 561.095515784358
1031.35775795491 555.711914201514
1037.78469347993 546.647976314538
1039.64188806518 541.715766820534
1040.28672411174 541.198728123559
1042.30072169637 546.072332766818
1045.04204614581 545.128425994006
994.026537804545 544.655704730514
850.768048614033 558.293837814192
804.774753343771 561.83462761755
795.539047529031 558.295041546729
794.262206926007 558.682403654859
784.554896638797 559.32041674605
783.497539338109 557.162199671364
789.147894603973 549.589715510657
791.487669550794 547.691386658231
788.387725353582 549.307580378512
786.235746730024 549.85517202283
785.21229036483 545.168031839553
787.001575596055 542.528919624179
787.188774027612 541.554475008708
785.425780006031 542.674223600059
783.442950119667 542.23857644419
783.961096891686 541.842537420327
792.319309294511 531.38489408806
792.901883230707 525.90631823625
790.536231537604 525.199324333071
792.678536661962 515.255655045704
791.778016606748 509.788491598839
804.928278515865 507.338986569422
808.912104411748 508.163787396255
809.319330199118 506.91159306276
808.84729527105 507.545326611692
814.570453432798 511.472277449009
838.733198683219 526.066560267541
897.581857137193 519.011175809708
1039.40203651671 515.487054126252
1079.00367913751 509.550753582756
1113.03757606419 497.692684131026
1155.013578541 485.138127596952
1155.84013762057 474.731042562334
1165.7819699756 474.604172037216
1178.72134468771 480.680373730064
1177.1059053538 478.059845533409
1171.56982911341 477.372167837083
1146.83165268154 493.201270021768
1144.03350698363 493.669452854591
1146.2729262815 480.150805559362
1143.58679313409 480.008872732547
1143.33740736143 474.887905904721
1150.651237457 482.272238095914
1193.1489919465 484.456515452435
1286.45905938325 491.575554001485
1309.84566231286 497.605771628492
1327.03519804938 504.670172136262
1337.14457776297 507.430317388421
1328.1134117486 530.401783873472
1320.71420035179 540.409751662459
1302.24344686841 556.051593529539
1297.75704803124 556.818542282401
1299.68702018394 560.57855280105
1300.28380552908 552.936074520539
1304.60254877901 547.737411636156
1306.78922884622 547.560920322204
1305.21748472604 545.199648030738
1164.82416176811 523.012956842671
1064.47714229562 523.489323218533
1057.96318996903 523.632534193887
1061.32545737268 522.472016470903
1060.81014950257 514.328720547269
1076.70228726184 505.953700973546
1083.28834461056 499.723070940797
1087.33431115001 501.159205376498
1089.87163638744 500.167108676827
1080.34996882115 505.858363832702
1063.01200943383 501.138498401692
1064.38087782885 500.94562877584
1065.51704524193 501.662210812324
1069.0748386451 503.742184280349
1076.58171739704 507.077113153413
1082.06771728671 510.383410049778
1143.84196813034 489.501957613003
1163.93633870442 479.708571387474
1207.5812989235 473.081943199634
1207.63591323446 472.963166506299
1215.42449366471 467.046877767558
1224.15615107022 455.03273800711
1223.41833538551 454.71169830476
1220.01667248344 460.148683467325
1211.83459923888 463.709911255675
1197.7285869999 468.24028728635
1189.77818450893 472.398521639361
1186.59009594433 477.344690815261
1225.1557903364 520.629693330232
1243.65692970465 572.130484562221
1247.43797309834 588.07776901495
1249.71750832556 592.188266845885
1247.23465441506 600.315640252784
1248.01639714234 605.458255675424
1254.88192103453 598.425825309704
1263.62111421033 592.017697963975
1262.74537140808 599.038463703227
1261.20568288755 600.778923746168
1256.68454786957 599.917183068148
1265.73856572229 592.821251022721
1277.35060856089 589.299118941982
1274.94486974594 587.503448664738
1267.72950720656 580.096165725722
1232.79090565623 598.697635901688
1225.94198126457 603.093349158463
1195.43158970268 624.238617968873
1179.61439591423 636.122571955898
1141.88406892605 667.427031788738
1137.96436702861 671.15679423186
1141.25918704935 668.11444741711
1137.61033059648 673.085959274137
1136.98634660915 674.416716787531
1131.67101078431 674.20854379987
1138.60419998909 670.49096367292
1140.49043467277 665.053670168714
1152.38229234431 654.295201317491
1163.36230691419 649.371750327091
1167.03754386527 649.626967972082
1165.9306651327 666.569215089434
1166.93297076065 666.811501059488
1193.84693403936 667.234631490903
1195.67332162433 667.59265119964
1219.57595466851 665.45505093582
1258.75115835233 660.20689735338
1276.27243948848 664.141556220865
1279.1691308111 661.696348296482
1275.56458261263 657.284256626343
1277.68751402125 662.038999017684
1273.6841321361 666.890829963126
1268.38820485039 671.246888152802
1269.78498582934 669.182173763291
1271.20012972118 663.912821566072
1259.63089931361 665.32140460845
1265.82315208361 662.206576200976
1095.56869429429 655.750682806147
1070.64675334078 657.872632059376
1053.66269693395 655.302503823145
1047.91997354507 653.108494122195
1038.15484731865 649.445496194524
1031.25386631973 648.991643517147
1035.20459919418 644.665833050207
1026.42663969063 648.514309298693
1019.77982029521 652.137829738615
1001.15449788821 664.222793275872
959.499245945046 653.650785757666
924.872182498234 649.341806579274
907.874005318328 646.074196984525
872.966468686924 644.435614509918
835.702966998098 637.260854503199
836.109673766512 640.381693110186
837.997587918783 640.141909195288
843.03195701334 642.033549826066
869.800404748118 638.870516805284
899.692469480331 631.175628291076
981.100420625446 603.12338761445
993.146249759899 598.57222077905
1025.86874939715 561.269949444097
1039.21486405296 553.574106491043
1048.03689950189 546.487677144699
1060.73091933652 554.10178936739
1062.95221559342 555.788723354446
1056.20763198354 562.008037030017
1061.89499241895 560.899145830579
1061.57709237242 560.236468525449
1059.4644858805 559.551947667548
1055.8275528436 558.369355644894
1055.59168262859 556.928264257478
1060.10640405578 556.931550865802
1058.89783556593 553.603437021257
1091.48866426494 570.805464028142
1202.754988348 608.594379652586
1193.33862601591 611.373695639969
1217.78491194034 621.462483933369
1205.67084603026 630.305836937436
1238.7231607981 647.533535437183
1228.70030863532 658.337856449957
1212.86550744678 660.669067767752
1210.5765614395 661.205564664609
1231.76020213357 652.74798742716
1234.66729287786 650.835330529449
1242.2989584658 647.740995270901
1246.99018653041 652.68076484013
1257.22075570492 650.825573182242
1259.42962564958 644.553454721897
1255.51868633292 648.367135445684
1252.90458188624 651.74257979823
1252.01527207211 652.191458146475
1255.43788171499 649.491208857025
1252.47430347709 649.280233084775
1233.62585992469 652.464259969812
1143.17557661969 653.566717728746
1139.10891682703 654.881952259366
1137.79551361235 655.388135451114
1119.59489779611 666.306016179425
1106.62369086972 666.682743078746
1109.94871842002 662.421548127747
1130.40129628038 656.380845904139
1130.4596555644 657.581229415887
1131.43804696974 657.346106833547
1121.86593488187 667.099439050545
1128.579784908 669.311702779812
1127.95927957338 671.590487020151
1127.46271592432 674.254439790844
1127.89481879409 673.453700793912
1127.92131192129 673.160837318426
1154.04351918879 669.935207661322
1222.43156505674 662.022308495529
1233.3160477381 659.961535816344
1244.2797139135 657.882770311477
1234.78755674971 676.739537127728
1231.40040565098 666.494821058271
1239.53119895008 661.046842252618
1246.18076680551 658.674891864117
1246.30612444297 655.650191515188
1241.90398356967 656.629358538791
1246.27584745996 653.315953745554
1250.32258829912 651.531367098163
1247.58917859491 657.041336024847
1244.3992695671 661.216649314802
1247.22820075662 655.229589282975
1247.84359726289 655.086302574295
1251.30471726863 651.46347028512
1254.79661664467 655.635285644451
1261.51197666612 658.274081750991
1260.43429035995 669.647519698715
1258.73638955478 670.534737772326
1227.42913819169 653.017874280263
1208.71990381749 641.992165982017
1200.56009543083 640.243362424507
1190.74993698626 638.18519938978
1179.20004838119 636.554195677489
1131.34005707776 638.728468266411
1109.3206194315 640.542802493319
1111.34966741776 632.754926058194
1110.82163721188 631.627321129775
1111.09849623166 631.604935288159
1110.98751877884 629.373132198502
1114.20637502443 626.337909796224
1115.442670348 626.228861195843
1115.33984576339 626.68462714746
1111.18154304266 633.538996796412
1108.69110641454 636.112747712282
1104.75285818627 637.66254806694
1075.29053981399 558.498025518243
1087.32797128949 556.29041295583
1086.59272325562 562.657481322795
1083.7407507135 562.61932220637
1083.96096707016 560.651045961956
1086.37899685779 561.817948664563
1086.52674208477 562.136071944177
1091.70573977089 562.177603625918
1091.25206082758 562.921533290171
1090.62243792643 562.249687463465
1089.02174336573 551.074577685561
1088.10866840815 547.17194323745
1087.4613480772 559.107402524163
1086.66060496623 562.655807469599
1072.40354901215 566.24577023455
1076.84732106766 570.21120401332
1070.19281541355 583.009530996897
1065.75547364244 582.846898573588
1068.26132617669 578.121752510359
1069.1724915394 578.176291819575
1070.97442535959 573.407016380007
1067.1310249546 574.222100710162
1067.62378327644 572.619409702438
1070.76316509403 572.469130889888
1071.78853182799 575.443959569847
1074.46841822303 576.930771567676
1068.81766272431 581.677117001195
1071.84333354946 582.70037996736
1081.72517259386 580.233923068617
1080.37793909332 580.154829743268
1081.9105414813 580.543818695611
1077.21101534432 583.423912799934
1087.96094238422 583.487830096392
1086.19266883279 585.69886717334
1078.54660017291 591.737260929154
1067.76220996941 587.206999831299
1069.79207889359 575.847804580654
1073.07580446063 573.078186486505
1070.81648447263 575.299933807746
1070.56121048929 576.241266183302
1067.60630677058 584.130318616741
1066.26148072214 585.958761819861
1067.91352653588 579.087760767421
1073.32549371693 576.947871792104
1076.85185637783 562.637859350631
1077.18210532268 561.308287756491
1081.50395660641 566.356622354774
1079.14852949669 567.015190578125
1069.40214185256 567.787885322506
1069.41950125513 583.446897799694
1070.53511832618 657.881194595075
1074.91958896917 694.606184882381
1085.45873760787 822.037420727704
1089.77725343831 862.604275720521
1095.90398081363 915.481292973082
1099.66504641993 913.084435423971
1097.05635695041 906.840898818831
1082.46806723343 922.390644073589
1079.16716892524 922.552296305561
1077.82239254966 923.052778092242
1077.87605678639 897.386050719993
1078.53940582267 894.906594046481
1080.34447939232 894.58815184501
1083.82115609567 892.914796070867
1095.55999540037 901.777774470672
1094.39005086073 905.450040643496
1089.69696429187 897.132135876246
1083.45057646956 910.258058386913
1083.83602570499 910.072951603164
1089.46892530185 900.718903387931
1087.85255008636 902.5102831572
1089.74852995603 898.287955183134
1089.19887629236 899.255637983567
1083.69837296706 897.40592193888
1080.46073919373 898.058923311262
1080.92102842417 899.840907659544
1094.58705315784 904.104564468815
1095.7126929412 904.343867684981
1095.20703844103 905.277945242674
1097.97779408448 907.383576145194
1091.56796169792 913.252267270843
1159.19073866517 931.534093355379
1250.97070356083 938.173433261099
1249.32852477505 941.417720561258
1255.42696328118 944.182985351705
1257.12922791855 944.844563804948
1260.32351856569 943.263755689334
1250.11192041212 947.20330568181
1250.87204615758 942.196760056405
1259.80171915846 938.901713959655
1264.75629651313 941.52985109557
1263.51768169112 942.414136189607
1241.22652428416 939.006952294578
1156.54483186779 904.050563710907
1138.90807271784 900.742084649604
1123.98708505454 898.074080938838
1109.48130814656 917.599866293039
1109.15512222061 915.101687878678
1107.1271760526 904.573960714895
1109.92530722954 917.142409119714
1109.18675192777 924.504810426066
1102.3966061592 929.056956008329
1107.56723804432 926.430671155553
1106.45791863017 925.452985475641
1106.54553338845 924.349618690233
1097.70728957567 929.68671384128
1110.42131261796 879.645347253915
1094.81602649808 678.411925976319
1092.64956190797 664.492009162086
1091.97598428726 656.769602890589
1091.85026597795 641.774016415709
1086.60744188414 578.627723620559
1085.11059635207 568.06182998351
1091.95288905248 566.277716729273
1091.14386678026 561.635222954081
1089.41650676339 560.569733329403
1086.35052264138 560.084641013018
1086.16421447942 557.698925313289
1081.93648401345 559.276687983898
1078.27149306716 562.497551343256
1075.85503534508 568.305072217086
1074.82227301338 566.30958209345
1073.36943103879 566.161269440996
1073.92010572488 565.12500714435
1077.43958282062 562.516154016821
1077.83004907809 562.684071549839
1084.33210397685 574.056962099582
1097.170698783 578.747801134075
1093.86358026473 576.081893886236
1228.12304656539 612.910926215329
1115.30653487804 648.699301112483
1117.89460293082 634.788670841808
1118.52462883193 631.372922164135
1119.26939905882 626.467222136911
1119.66874077901 620.683247438115
1120.48682099448 613.935037665404
1119.4268794624 612.507820808461
1108.90224971066 599.836196313056
1108.21059437546 599.577349190225
1114.60241831974 600.010425955499
1111.64258952452 600.250490410109
1107.10453433442 600.393494572028
1087.4329246719 613.522454640567
1085.08059525963 617.372758636472
1123.11710091524 1017.03246850436
1138.84684008221 1010.21688662465
1133.93963066499 999.884142983826
1133.29643467479 1001.23248997531
1131.60357083278 995.925436630216
1130.86582349901 989.600168749001
1130.65067436938 987.313654721874
1129.29173997115 985.140319833602
1129.20111891437 984.720213431157
1139.44806048105 977.111301201188
1139.06762304527 976.828491630846
1138.08697388379 972.390293157268
1136.90525760841 973.396564396947
1135.38557951085 982.688423978758
1130.02698789345 989.984328503315
1129.40122380083 992.594997690337
1131.68807214543 995.620611412458
1133.54986583498 995.328480476933
1137.05193782445 994.843133790963
1134.74578294788 995.632235108349
1137.38837830842 1000.144736523
1139.37505436996 1001.62980460136
1137.23186750952 1004.01460635303
1133.44159968798 1003.61691713803
1132.05870880978 1001.2916719356
1130.76768377916 1001.33527375353
1127.46803102875 1001.32430471497
1133.18704157002 977.164619212477
1129.7485004822 976.85677201834
1129.48212462392 978.234352683217
1129.82269020087 986.104553449699
1135.52940715113 988.27252495416
1136.5001628377 998.268291602989
1136.75019915072 1001.80409194663
1138.57949768413 1001.43365006058
1140.14930376634 1002.53989508137
1139.18987777354 1002.52505771235
1136.30549127347 1002.98606080837
1125.91943106063 1013.71883704759
1146.67162041742 1009.71079163156
1181.25077236554 1006.79363701896
1188.06558569607 1006.28736759672
1196.11143668443 1009.6213802093
1204.71275910045 1009.64854911889
1207.39430510695 1009.27574387788
1204.95520282105 1008.91059100473
1205.47515739758 1009.27086620062
1200.12492180171 1010.44527894963
1196.46669998633 1011.12389084789
1181.04223540733 1014.94059235005
1174.44454694157 1015.28995886872
1162.16436653917 1012.9174864028
1149.2072031828 1018.01552639572
1145.81381360127 1018.78555342744
1145.76080746768 1014.13964640507
1143.7098798732 1014.06843734267
1141.0149179204 1013.6693059696
1140.29535038897 1012.36347326417
1141.8477537717 1007.20676304745
1137.14055671277 1004.6349633187
1136.74531533644 1000.3207709193
1139.7508903207 999.192813851376
1129.58901718488 953.545716085963
976.000364355961 665.86733414824
861.227983803197 544.013777467706
851.439732275922 540.380612953659
848.477517003402 529.381052392927
831.662043412896 490.703530702723
833.643553821552 474.460279094015
821.691726339536 462.6485507679
834.130606645337 451.955931226515
845.702579779442 440.210213192854
847.459687392943 440.70134406218
853.30213051741 448.516258121651
853.294390193419 449.288307527587
850.879955354958 447.544408817742
851.881728638168 448.916099922818
847.222875434895 450.963978559609
845.772344067463 453.226511217355
845.474784586341 451.299558711037
844.106600924115 450.876168974182
896.294244350653 494.180802121104
1636.82962555588 1545.73790760235
1768.87576818144 1743.95423037849
1771.43359450916 1741.92995040423
1776.35832006403 1748.70116322987
1774.65508755836 1752.13558726258
1773.70900798108 1752.29701857339
1761.51668674496 1765.39173005851
1756.26741108513 1775.15495581239
1727.53451295651 1793.21400215532
1724.6396139208 1795.12390278753
1732.96498803228 1792.78703738249
1736.37255242912 1791.49962533178
1753.34195090185 1791.04822546439
1754.67564717979 1790.64173613383
348 0 2861 
